300.0000 212243.4000
300.1150 211682.2000
300.2301 212553.2000
300.3452 211210.2000
300.4602 212075.7000
300.5753 211832.1000
300.6903 211720.6000
300.8054 212386.9000
300.9204 211405.8000
301.0355 211453.9000
301.1506 211170.1000
301.2656 211932.0000
301.3807 211351.0000
301.4957 212425.6000
301.6108 211448.7000
301.7258 211421.0000
301.8409 211850.3000
301.9559 211906.6000
302.0710 211428.3000
302.1861 211318.5000
302.3011 211237.4000
302.4162 211071.8000
302.5312 211007.9000
302.6463 211602.1000
302.7613 210783.5000
302.8764 211929.0000
302.9914 211231.1000
303.1065 213121.3000
303.2216 210768.1000
303.3366 211934.8000
303.4517 211693.0000
303.5667 210903.1000
303.6818 211312.5000
303.7968 212150.1000
303.9119 212006.9000
304.0269 211012.4000
304.1420 211671.0000
304.2571 211165.8000
304.3721 211935.8000
304.4872 210991.2000
304.6022 210480.0000
304.7173 211843.0000
304.8323 212029.2000
304.9474 211322.1000
305.0625 210873.8000
305.1775 211899.1000
305.2926 211453.9000
305.4076 211170.2000
305.5227 211058.9000
305.6377 211506.5000
305.7528 211951.4000
305.8678 211110.0000
305.9829 211145.4000
306.0980 211621.1000
306.2130 210877.6000
306.3281 211335.4000
306.4431 210906.8000
306.5582 210891.7000
306.6732 211126.1000
306.7883 210466.0000
306.9033 211211.9000
307.0184 210837.6000
307.1335 211371.2000
307.2485 211473.7000
307.3636 211231.8000
307.4786 210778.9000
307.5937 211950.6000
307.7087 211600.0000
307.8238 210735.9000
307.9389 210965.8000
308.0539 210399.4000
308.1690 210933.0000
308.2840 210792.5000
308.3991 211660.4000
308.5141 210429.1000
308.6292 210526.8000
308.7443 210643.7000
308.8593 210968.9000
308.9744 210977.1000
309.0894 210681.6000
309.2045 211304.4000
309.3195 210747.9000
309.4346 211519.8000
309.5496 211224.0000
309.6647 210670.0000
309.7798 210958.4000
309.8948 210821.4000
310.0099 210273.0000
310.1249 210152.5000
310.2400 210466.2000
310.3550 210504.9000
310.4701 210728.5000
310.5851 211213.8000
310.7002 210227.1000
310.8153 212793.3000
310.9303 210871.4000
311.0454 210323.1000
311.1604 211180.1000
311.2755 211050.4000
311.3906 210342.2000
311.5056 211057.3000
311.6207 211214.3000
311.7357 210636.8000
311.8508 211018.6000
311.9658 210696.5000
312.0809 211144.1000
312.1959 210486.7000
312.3110 211016.7000
312.4260 211134.0000
312.5411 210423.7000
312.6562 211207.9000
312.7712 210274.6000
312.8863 210689.7000
313.0013 210741.3000
313.1164 210647.3000
313.2314 210409.3000
313.3465 211169.6000
313.4616 211151.9000
313.5766 210183.7000
313.6917 210879.0000
313.8067 211612.8000
313.9218 211144.5000
314.0369 210566.7000
314.1519 210730.9000
314.2670 210884.2000
314.3820 210717.8000
314.4971 210964.9000
314.6121 210663.1000
314.7272 210918.4000
314.8422 210670.9000
314.9573 210857.0000
315.0723 210723.2000
315.1874 210407.9000
315.3025 210456.4000
315.4175 210769.2000
315.5326 210462.2000
315.6476 210907.2000
315.7627 210710.2000
315.8777 210325.0000
315.9928 211534.6000
316.1079 211163.3000
316.2229 210575.6000
316.3380 211218.8000
316.4530 211158.8000
316.5681 210754.8000
316.6832 210539.3000
316.7982 211180.9000
316.9133 210366.8000
317.0283 210921.6000
317.1434 210268.0000
317.2584 210975.7000
317.3735 210284.5000
317.4885 210953.0000
317.6036 210597.3000
317.7187 210798.9000
317.8337 210668.3000
317.9488 210341.8000
318.0638 211141.1000
318.1789 211401.4000
318.2939 211533.3000
318.4090 211046.9000
318.5240 211838.4000
318.6391 211093.2000
318.7542 211618.0000
318.8692 211192.1000
318.9843 211162.4000
319.0993 210816.9000
319.2144 210500.3000
319.3295 211052.4000
319.4445 211164.1000
319.5596 210819.0000
319.6746 210538.6000
319.7897 210631.4000
319.9047 211514.9000
320.0198 210523.3000
320.1348 211007.2000
320.2499 210899.5000
320.3650 211014.6000
320.4800 211206.1000
320.5951 210734.4000
320.7101 210660.7000
320.8252 210595.9000
320.9402 210657.9000
321.0553 210564.2000
321.1703 210583.2000
321.2854 210361.2000
321.4005 210869.1000
321.5155 211301.6000
321.6306 210457.2000
321.7456 210516.5000
321.8607 210223.6000
321.9757 210867.1000
322.0908 209931.2000
322.2059 210557.9000
322.3209 210709.2000
322.4360 210540.6000
322.5510 210379.0000
322.6661 210865.4000
322.7811 211095.6000
322.8962 210367.6000
323.0113 210552.2000
323.1263 210558.9000
323.2414 213447.1000
323.3564 210339.8000
323.4715 210531.4000
323.5865 210696.0000
323.7016 211020.1000
323.8166 210796.9000
323.9317 211254.8000
324.0468 210377.5000
324.1618 210333.3000
324.2769 210032.4000
324.3919 209891.6000
324.5070 211232.9000
324.6220 210781.5000
324.7371 211007.3000
324.8521 210549.3000
324.9672 210459.5000
325.0823 210139.2000
325.1973 210154.2000
325.3124 210599.7000
325.4274 210256.9000
325.5425 210179.3000
325.6576 211099.2000
325.7726 210442.2000
325.8877 210585.4000
326.0027 210370.6000
326.1178 212434.1000
326.2328 211684.9000
326.3479 210214.5000
326.4629 210301.1000
326.5780 210251.8000
326.6931 210506.4000
326.8081 212519.7000
326.9232 211064.6000
327.0382 210730.6000
327.1533 210466.4000
327.2683 210411.2000
327.3834 211318.4000
327.4984 209886.6000
327.6135 210382.3000
327.7286 210726.1000
327.8436 211156.7000
327.9587 210376.3000
328.0737 211179.9000
328.1888 210724.2000
328.3038 211462.8000
328.4189 210613.0000
328.5340 211032.3000
328.6490 210291.9000
328.7641 210560.3000
328.8791 210220.7000
328.9942 211551.4000
329.1092 211205.4000
329.2243 210650.3000
329.3393 212266.7000
329.4544 210738.1000
329.5695 211425.8000
329.6845 210745.8000
329.7996 209990.1000
329.9146 210925.3000
330.0297 210924.6000
330.1447 210541.9000
330.2598 210214.3000
330.3748 210884.6000
330.4899 210636.4000
330.6049 211090.4000
330.7200 210765.6000
330.8351 210524.4000
330.9501 210709.1000
331.0652 212498.9000
331.1802 210769.7000
331.2953 210994.1000
331.4103 210698.5000
331.5254 211018.2000
331.6404 210663.7000
331.7555 210609.4000
331.8706 210848.9000
331.9856 211050.6000
332.1007 210247.0000
332.2157 210318.4000
332.3308 210892.7000
332.4458 210500.9000
332.5609 211001.1000
332.6760 211579.3000
332.7910 210812.1000
332.9061 210965.3000
333.0211 210218.9000
333.1362 210371.6000
333.2512 213173.1000
333.3663 211293.1000
333.4813 210192.6000
333.5964 209849.2000
333.7115 211010.7000
333.8265 210794.1000
333.9416 210206.9000
334.0566 210430.1000
334.1717 211223.3000
334.2867 210868.3000
334.4018 210700.5000
334.5168 211141.4000
334.6319 210222.9000
334.7470 210626.0000
334.8620 210448.7000
334.9771 210731.8000
335.0921 210825.2000
335.2072 209853.4000
335.3222 210079.0000
335.4373 210980.4000
335.5523 210783.9000
335.6674 210463.8000
335.7824 209787.4000
335.8975 210518.8000
336.0125 210649.2000
336.1276 210824.5000
336.2427 210518.2000
336.3577 210878.1000
336.4728 210056.4000
336.5878 210712.8000
336.7029 210575.1000
336.8179 210668.4000
336.9330 210630.1000
337.0480 210240.0000
337.1631 211032.7000
337.2782 210802.4000
337.3932 210964.3000
337.5083 211337.3000
337.6233 211360.8000
337.7384 210581.8000
337.8534 210549.1000
337.9685 210558.2000
338.0835 210839.3000
338.1986 210580.5000
338.3136 211528.3000
338.4287 210384.1000
338.5438 211041.6000
338.6588 210524.9000
338.7739 211389.2000
338.8889 210839.8000
339.0040 210992.0000
339.1190 210820.2000
339.2341 210515.8000
339.3491 210085.9000
339.4642 211341.1000
339.5793 210077.3000
339.6943 210725.3000
339.8093 210294.7000
339.9244 210663.6000
340.0395 210660.5000
340.1545 210405.1000
340.2696 210577.1000
340.3846 210543.0000
340.4997 210444.6000
340.6147 211218.2000
340.7298 210302.4000
340.8448 210675.6000
340.9599 210420.3000
341.0750 210231.0000
341.1900 210716.8000
341.3051 210885.2000
341.4201 210468.1000
341.5352 210814.6000
341.6502 211338.7000
341.7653 210567.7000
341.8803 210593.5000
341.9954 210174.4000
342.1104 210422.5000
342.2255 210581.8000
342.3405 210144.1000
342.4556 210844.4000
342.5707 210501.3000
342.6857 210992.1000
342.8008 210555.2000
342.9158 211003.8000
343.0309 210533.9000
343.1459 210428.0000
343.2610 211102.1000
343.3760 210761.9000
343.4911 210936.8000
343.6061 210492.3000
343.7212 210372.1000
343.8362 210369.3000
343.9513 210633.7000
344.0663 212160.8000
344.1814 210297.8000
344.2964 210664.3000
344.4115 211270.0000
344.5266 210146.4000
344.6416 210629.6000
344.7567 214933.2000
344.8717 210812.2000
344.9868 210638.9000
345.1018 210668.5000
345.2169 210725.8000
345.3319 210579.3000
345.4470 210951.7000
345.5620 210991.9000
345.6771 210729.4000
345.7921 210614.2000
345.9072 210310.1000
346.0222 210472.7000
346.1373 210765.8000
346.2524 210640.3000
346.3674 211089.1000
346.4825 210917.2000
346.5975 212613.1000
346.7126 210375.1000
346.8276 210570.6000
346.9427 210784.1000
347.0577 210757.6000
347.1728 211631.1000
347.2878 210431.2000
347.4029 211164.1000
347.5179 211193.8000
347.6330 210450.7000
347.7480 211605.3000
347.8631 210486.9000
347.9782 210177.8000
348.0932 210404.9000
348.2083 211073.3000
348.3233 211217.8000
348.4384 211638.8000
348.5534 213393.3000
348.6685 210313.7000
348.7835 210936.9000
348.8986 210353.3000
349.0136 211083.6000
349.1287 210481.1000
349.2437 211975.6000
349.3588 210692.9000
349.4738 211324.8000
349.5889 211216.9000
349.7039 210801.9000
349.8190 210428.9000
349.9340 210050.6000
350.0491 210423.0000
350.1641 210766.4000
350.2792 210952.3000
350.3942 210062.8000
350.5093 211547.5000
350.6243 210677.2000
350.7394 210886.6000
350.8544 210433.0000
350.9695 211166.5000
351.0845 211642.1000
351.1996 210395.9000
351.3147 210596.4000
351.4297 211039.1000
351.5448 210990.0000
351.6598 210512.6000
351.7749 210794.6000
351.8899 210680.3000
352.0050 210426.8000
352.1200 210875.6000
352.2351 211180.6000
352.3501 211042.2000
352.4652 210582.3000
352.5802 210926.6000
352.6953 210732.3000
352.8103 210725.1000
352.9254 210601.6000
353.0404 210746.0000
353.1555 210685.6000
353.2705 210648.8000
353.3856 211428.9000
353.5006 210399.7000
353.6157 210480.4000
353.7307 209988.0000
353.8458 210583.2000
353.9608 210557.9000
354.0759 210724.1000
354.1909 210268.0000
354.3060 211469.9000
354.4210 211285.9000
354.5361 210777.8000
354.6511 209953.2000
354.7662 210395.0000
354.8812 210677.3000
354.9963 210763.0000
355.1113 210754.6000
355.2264 210300.1000
355.3414 211210.9000
355.4565 210822.5000
355.5715 210138.8000
355.6866 210142.1000
355.8016 210559.7000
355.9167 211788.9000
356.0317 210798.8000
356.1468 210435.2000
356.2618 210557.8000
356.3769 211070.9000
356.4919 211629.3000
356.6070 210646.0000
356.7220 211298.9000
356.8371 210292.9000
356.9521 210239.9000
357.0672 210286.7000
357.1822 211443.9000
357.2973 210986.0000
357.4123 210598.2000
357.5274 210665.1000
357.6424 210527.0000
357.7575 211009.5000
357.8725 210919.8000
357.9876 210908.1000
358.1026 210319.6000
358.2177 211095.1000
358.3327 210910.5000
358.4478 210868.6000
358.5628 210598.1000
358.6779 210908.8000
358.7929 210517.7000
358.9080 211019.7000
359.0230 211055.2000
359.1381 210928.4000
359.2531 210632.8000
359.3682 210974.9000
359.4832 210638.9000
359.5983 211338.1000
359.7133 209977.2000
359.8284 211754.9000
359.9434 211172.4000
360.0585 211141.9000
360.1735 211193.1000
360.2886 210653.8000
360.4036 210658.3000
360.5187 210818.5000
360.6337 210333.6000
360.7488 211164.4000
360.8638 211065.0000
360.9789 211375.2000
361.0939 210549.4000
361.2090 210673.8000
361.3240 211501.0000
361.4391 210897.3000
361.5541 210958.3000
361.6692 210493.9000
361.7842 210814.9000
361.8992 210930.4000
362.0143 210707.6000
362.1293 210638.8000
362.2444 210549.0000
362.3594 211127.0000
362.4745 210923.7000
362.5895 210893.9000
362.7046 210401.8000
362.8196 210435.1000
362.9347 210617.8000
363.0497 211988.8000
363.1648 210119.5000
363.2798 210576.0000
363.3949 211215.8000
363.5099 210474.8000
363.6250 210708.9000
363.7400 210796.8000
363.8551 210706.0000
363.9701 210592.2000
364.0852 210755.0000
364.2002 210283.3000
364.3152 210645.7000
364.4303 211130.3000
364.5453 210279.4000
364.6604 210403.5000
364.7754 211299.2000
364.8905 210745.0000
365.0055 210810.2000
365.1206 210400.9000
365.2356 210886.1000
365.3507 211747.8000
365.4657 210736.4000
365.5808 210825.1000
365.6958 211294.8000
365.8109 210486.3000
365.9259 211845.8000
366.0410 211412.7000
366.1560 211081.5000
366.2711 211285.3000
366.3861 210890.5000
366.5011 211127.8000
366.6162 210851.8000
366.7312 210651.9000
366.8463 210217.7000
366.9613 211442.3000
367.0764 211447.6000
367.1914 210814.8000
367.3065 210176.4000
367.4215 211730.9000
367.5366 211626.7000
367.6516 210980.7000
367.7667 210465.9000
367.8817 211059.4000
367.9967 210280.4000
368.1118 211410.4000
368.2268 211440.1000
368.3419 211582.1000
368.4569 210481.0000
368.5720 210785.0000
368.6870 210069.2000
368.8021 210748.5000
368.9171 210960.7000
369.0322 211283.8000
369.1472 210460.8000
369.2622 210628.4000
369.3773 212113.1000
369.4923 211119.2000
369.6074 210568.8000
369.7224 210910.4000
369.8375 210816.8000
369.9525 210186.8000
370.0676 211183.9000
370.1826 211141.4000
370.2976 211016.3000
370.4127 211016.2000
370.5277 210774.8000
370.6428 210341.9000
370.7578 211310.4000
370.8729 210351.4000
370.9879 210668.0000
371.1030 211108.2000
371.2180 211351.5000
371.3331 210318.4000
371.4481 211900.2000
371.5631 211750.4000
371.6782 212325.9000
371.7932 211942.7000
371.9083 210956.1000
372.0233 210161.7000
372.1384 211929.1000
372.2534 211705.9000
372.3684 210835.0000
372.4835 210840.3000
372.5985 210537.7000
372.7136 210947.7000
372.8286 210687.0000
372.9437 210923.4000
373.0587 210344.1000
373.1737 210660.4000
373.2888 210360.2000
373.4038 211462.3000
373.5189 210997.6000
373.6339 210367.2000
373.7490 210546.4000
373.8640 211179.3000
373.9790 210999.6000
374.0941 210573.8000
374.2091 210585.3000
374.3242 210353.4000
374.4392 210411.2000
374.5543 210881.0000
374.6693 211603.1000
374.7844 210713.6000
374.8994 210789.6000
375.0144 211003.1000
375.1295 210233.0000
375.2445 211067.0000
375.3596 210054.1000
375.4746 211394.4000
375.5897 210285.3000
375.7047 211103.2000
375.8197 210582.4000
375.9348 212386.7000
376.0498 210380.6000
376.1649 210847.4000
376.2799 210658.9000
376.3949 210768.7000
376.5100 210548.5000
376.6250 210488.2000
376.7401 211461.1000
376.8551 210570.8000
376.9702 210366.5000
377.0852 211206.7000
377.2002 210562.8000
377.3153 210427.1000
377.4303 210998.3000
377.5454 210663.3000
377.6604 210706.0000
377.7754 210594.5000
377.8905 211117.0000
378.0055 210478.9000
378.1206 210809.8000
378.2356 212269.2000
378.3506 210612.9000
378.4657 210790.0000
378.5807 210691.7000
378.6958 211747.2000
378.8108 210920.6000
378.9259 210885.0000
379.0409 211257.5000
379.1559 210700.7000
379.2710 211059.1000
379.3860 210824.6000
379.5011 210561.4000
379.6161 211317.0000
379.7311 212077.4000
379.8462 210156.4000
379.9612 210984.3000
380.0763 211065.3000
380.1913 210783.6000
380.3063 210995.9000
380.4214 210639.7000
380.5364 210123.7000
380.6515 210726.5000
380.7665 211322.0000
380.8815 210745.2000
380.9966 210203.7000
381.1116 211244.8000
381.2267 210514.6000
381.3417 210942.8000
381.4567 212084.4000
381.5718 210664.7000
381.6868 210686.6000
381.8019 211128.2000
381.9169 211161.4000
382.0319 210785.0000
382.1470 210711.2000
382.2620 211060.0000
382.3770 211291.6000
382.4921 211158.8000
382.6071 210919.2000
382.7222 211085.8000
382.8372 210802.3000
382.9522 210668.2000
383.0673 211223.3000
383.1823 210946.5000
383.2974 210788.9000
383.4124 210600.8000
383.5274 210364.6000
383.6425 210498.9000
383.7575 210571.9000
383.8726 210854.7000
383.9876 210890.9000
384.1026 210912.7000
384.2177 210454.2000
384.3327 210839.9000
384.4477 211229.4000
384.5628 211828.5000
384.6778 210485.0000
384.7929 210926.4000
384.9079 211277.0000
385.0229 211208.6000
385.1380 211799.3000
385.2530 210274.1000
385.3680 210550.2000
385.4831 211130.5000
385.5981 210702.9000
385.7132 210725.6000
385.8282 211095.8000
385.9432 210646.2000
386.0583 211032.5000
386.1733 210768.3000
386.2883 210605.7000
386.4034 210425.6000
386.5184 210425.2000
386.6334 210921.5000
386.7485 210288.6000
386.8635 210787.1000
386.9786 210813.8000
387.0936 211076.3000
387.2086 210341.7000
387.3237 210816.7000
387.4387 210679.3000
387.5537 211137.4000
387.6688 210770.0000
387.7838 210742.0000
387.8988 211483.9000
388.0139 210585.4000
388.1289 211005.3000
388.2440 211372.9000
388.3590 210922.5000
388.4740 210523.9000
388.5891 210761.6000
388.7041 210314.2000
388.8191 210616.6000
388.9342 210866.9000
389.0492 211273.7000
389.1642 210565.5000
389.2793 210751.1000
389.3943 210431.1000
389.5093 210883.0000
389.6244 210812.9000
389.7394 210927.0000
389.8545 210529.5000
389.9695 210852.8000
390.0845 210455.1000
390.1996 211083.3000
390.3146 211519.3000
390.4296 210685.6000
390.5447 211803.3000
390.6597 211426.6000
390.7747 210351.3000
390.8898 211229.8000
391.0048 210466.1000
391.1198 210904.3000
391.2349 210380.0000
391.3499 210461.1000
391.4649 211077.1000
391.5800 210406.2000
391.6950 210695.7000
391.8100 210710.5000
391.9251 210831.5000
392.0401 211555.9000
392.1551 210193.4000
392.2702 210299.4000
392.3852 210401.3000
392.5002 210275.8000
392.6153 210478.2000
392.7303 210393.9000
392.8453 211013.5000
392.9604 210842.8000
393.0754 210500.5000
393.1904 211054.2000
393.3055 210340.8000
393.4205 210768.3000
393.5355 210398.1000
393.6506 210292.6000
393.7656 210281.6000
393.8806 210823.7000
393.9957 210495.4000
394.1107 212052.6000
394.2257 211115.8000
394.3408 211424.2000
394.4558 212471.0000
394.5708 210592.9000
394.6859 212585.2000
394.8009 210602.9000
394.9159 210352.2000
395.0310 210592.3000
395.1460 210839.5000
395.2610 210351.0000
395.3761 210734.1000
395.4911 210677.2000
395.6061 210477.3000
395.7211 210986.3000
395.8362 211196.4000
395.9512 212213.5000
396.0662 210512.7000
396.1813 210333.2000
396.2963 210864.5000
396.4113 211361.4000
396.5264 210555.6000
396.6414 210762.2000
396.7564 211106.1000
396.8714 211103.6000
396.9865 210594.7000
397.1015 210364.2000
397.2165 210924.5000
397.3316 210624.5000
397.4466 210871.1000
397.5616 210503.8000
397.6767 210497.6000
397.7917 211702.4000
397.9067 210790.7000
398.0217 210708.3000
398.1368 210680.3000
398.2518 210627.8000
398.3668 210779.5000
398.4819 210529.2000
398.5969 210605.7000
398.7119 210710.5000
398.8270 211275.9000
398.9420 211614.5000
399.0570 211474.2000
399.1720 211393.9000
399.2871 210684.6000
399.4021 210498.8000
399.5171 210695.2000
399.6322 210272.5000
399.7472 212127.4000
399.8622 210458.8000
399.9772 210913.2000
400.0923 210450.7000
400.2073 210271.0000
400.3223 210387.0000
400.4374 211666.1000
400.5524 211868.5000
400.6674 210543.0000
400.7824 210833.6000
400.8975 210603.5000
401.0125 210155.5000
401.1275 210529.2000
401.2425 210934.3000
401.3576 211014.8000
401.4726 210092.0000
401.5876 210347.9000
401.7027 210254.4000
401.8177 210779.3000
401.9327 211165.7000
402.0477 211001.5000
402.1628 210860.9000
402.2778 210095.2000
402.3928 210587.2000
402.5079 210673.1000
402.6229 210783.8000
402.7379 210821.2000
402.8529 210980.3000
402.9680 210255.0000
403.0830 211017.2000
403.1980 211146.5000
403.3130 210909.8000
403.4281 210806.7000
403.5431 210565.6000
403.6581 210773.3000
403.7731 210333.5000
403.8882 210713.3000
404.0032 210507.0000
404.1182 211003.9000
404.2332 210450.4000
404.3483 211639.7000
404.4633 210861.7000
404.5783 210808.3000
404.6933 211061.4000
404.8084 210383.1000
404.9234 210615.9000
405.0384 211100.1000
405.1534 212541.5000
405.2685 210596.8000
405.3835 210520.2000
405.4985 210233.1000
405.6135 211174.3000
405.7286 210757.9000
405.8436 210645.3000
405.9586 210100.7000
406.0736 210858.4000
406.1887 210672.7000
406.3037 210468.2000
406.4187 210013.1000
406.5337 210905.7000
406.6488 211029.8000
406.7638 211605.9000
406.8788 210336.8000
406.9938 210713.6000
407.1089 210376.0000
407.2239 210602.4000
407.3389 211236.4000
407.4539 210715.1000
407.5689 210291.3000
407.6840 210919.5000
407.7990 210049.9000
407.9140 211229.9000
408.0290 210731.0000
408.1441 210688.7000
408.2591 212539.2000
408.3741 210825.6000
408.4891 210674.9000
408.6042 210309.8000
408.7192 210010.5000
408.8342 211532.7000
408.9492 211080.9000
409.0642 210851.5000
409.1793 211609.6000
409.2943 210232.0000
409.4093 210681.6000
409.5243 210950.9000
409.6393 210848.0000
409.7544 210782.6000
409.8694 211203.7000
409.9844 211380.0000
410.0994 212939.9000
410.2145 210418.3000
410.3295 210659.1000
410.4445 211276.4000
410.5595 210926.9000
410.6745 210793.8000
410.7896 210621.8000
410.9046 210665.3000
411.0196 210631.8000
411.1346 212446.5000
411.2496 210541.8000
411.3647 210787.3000
411.4797 210301.5000
411.5947 211074.2000
411.7097 210796.7000
411.8247 210952.9000
411.9398 210412.4000
412.0548 210704.7000
412.1698 211058.7000
412.2848 212180.6000
412.3998 210543.5000
412.5149 210577.3000
412.6299 210587.0000
412.7449 210912.2000
412.8599 210777.1000
412.9749 211205.9000
413.0900 211034.7000
413.2050 210580.8000
413.3200 210871.3000
413.4350 210697.9000
413.5500 210751.6000
413.6651 210450.0000
413.7801 210353.9000
413.8951 210662.6000
414.0101 210782.5000
414.1251 210925.3000
414.2401 210701.3000
414.3552 210318.0000
414.4702 210480.9000
414.5852 210716.6000
414.7002 210352.3000
414.8152 210520.5000
414.9303 210627.2000
415.0453 210081.3000
415.1603 210611.9000
415.2753 210984.0000
415.3903 211098.1000
415.5053 210087.4000
415.6203 210622.6000
415.7354 210849.9000
415.8504 211636.0000
415.9654 210660.6000
416.0804 210789.1000
416.1954 210542.2000
416.3105 210797.3000
416.4255 210151.7000
416.5405 211133.0000
416.6555 210538.3000
416.7705 210946.8000
416.8855 209979.4000
417.0005 210808.9000
417.1156 210561.8000
417.2306 210828.4000
417.3456 211486.2000
417.4606 211259.9000
417.5756 210521.3000
417.6906 210126.3000
