300.0000 212219.3000
300.1150 211753.3000
300.2301 212595.0000
300.3452 211237.1000
300.4602 212089.2000
300.5753 211822.2000
300.6903 211781.5000
300.8054 212468.2000
300.9204 211501.6000
301.0355 211469.7000
301.1506 211194.6000
301.2656 211991.0000
301.3807 211361.3000
301.4957 212311.3000
301.6108 211322.9000
301.7258 211140.7000
301.8409 211786.8000
301.9559 211907.7000
302.0710 211480.0000
302.1861 211369.9000
302.3011 211259.6000
302.4162 211095.5000
302.5312 211062.1000
302.6463 211583.6000
302.7613 210886.0000
302.8764 211918.2000
302.9914 211318.2000
303.1065 213174.5000
303.2216 210778.4000
303.3366 211963.2000
303.4517 211740.3000
303.5667 210927.4000
303.6818 211369.3000
303.7968 212244.4000
303.9119 212034.0000
304.0269 211010.4000
304.1420 211711.9000
304.2571 211150.1000
304.3721 211897.6000
304.4872 210979.8000
304.6022 210472.9000
304.7173 211844.4000
304.8323 212004.8000
304.9474 211310.3000
305.0625 210927.8000
305.1775 211902.1000
305.2926 211429.9000
305.4076 211235.3000
305.5227 211017.8000
305.6377 211483.3000
305.7528 211943.5000
305.8678 211157.9000
305.9829 211123.5000
306.0980 211647.0000
306.2130 210903.2000
306.3281 211324.1000
306.4431 210943.5000
306.5582 210842.9000
306.6732 211083.3000
306.7883 210507.1000
306.9033 211251.6000
307.0184 210901.8000
307.1335 211399.1000
307.2485 211518.5000
307.3636 211191.9000
307.4786 210799.7000
307.5937 212010.6000
307.7087 211640.5000
307.8238 210814.6000
307.9389 211020.4000
308.0539 210379.8000
308.1690 210941.3000
308.2840 210807.7000
308.3991 211677.4000
308.5141 210371.6000
308.6292 210581.5000
308.7443 210770.4000
308.8593 210988.5000
308.9744 210983.1000
309.0894 210695.1000
309.2045 211326.0000
309.3195 210807.3000
309.4346 211611.3000
309.5496 211243.2000
309.6647 210643.0000
309.7798 210971.4000
309.8948 210910.6000
310.0099 210331.3000
310.1249 210315.6000
310.2400 210543.0000
310.3550 210556.4000
310.4701 210823.3000
310.5851 211172.1000
310.7002 210248.2000
310.8153 212823.1000
310.9303 210856.4000
311.0454 210337.7000
311.1604 211199.1000
311.2755 211047.0000
311.3906 210393.3000
311.5056 211150.3000
311.6207 211257.7000
311.7357 210655.9000
311.8508 211098.5000
311.9658 210673.8000
312.0809 211128.5000
312.1959 210505.8000
312.3110 211076.0000
312.4260 211186.3000
312.5411 210400.5000
312.6562 211211.3000
312.7712 210348.8000
312.8863 210663.1000
313.0013 210745.9000
313.1164 210683.4000
313.2314 210484.3000
313.3465 211239.1000
313.4616 211192.2000
313.5766 210175.6000
313.6917 210946.1000
313.8067 211660.0000
313.9218 211123.1000
314.0369 210532.7000
314.1519 210810.1000
314.2670 210912.6000
314.3820 210752.7000
314.4971 211040.6000
314.6121 210686.0000
314.7272 211065.6000
314.8422 210783.8000
314.9573 210904.5000
315.0723 210796.5000
315.1874 210525.7000
315.3025 210645.6000
315.4175 210896.5000
315.5326 210436.1000
315.6476 210962.6000
315.7627 210717.8000
315.8777 210394.3000
315.9928 211597.5000
316.1079 211248.6000
316.2229 210663.8000
316.3380 211286.2000
316.4530 211257.7000
316.5681 210673.9000
316.6832 210320.3000
316.7982 210790.9000
316.9133 210238.2000
317.0283 210971.5000
317.1434 210294.0000
317.2584 211027.8000
317.3735 210315.3000
317.4885 210937.3000
317.6036 210523.4000
317.7187 210803.2000
317.8337 210690.1000
317.9488 210400.8000
318.0638 211141.0000
318.1789 211424.6000
318.2939 211454.8000
318.4090 210847.2000
318.5240 211809.5000
318.6391 211156.7000
318.7542 211707.9000
318.8692 211125.5000
318.9843 211202.0000
319.0993 210861.2000
319.2144 210521.1000
319.3295 211096.8000
319.4445 211151.9000
319.5596 210766.4000
319.6746 210588.7000
319.7897 210711.5000
319.9047 211573.6000
320.0198 210584.6000
320.1348 211065.2000
320.2499 210884.3000
320.3650 210982.1000
320.4800 211253.6000
320.5951 210804.5000
320.7101 210762.4000
320.8252 210591.6000
320.9402 210714.3000
321.0553 210604.0000
321.1703 210600.4000
321.2854 210408.8000
321.4005 210847.8000
321.5155 211390.4000
321.6306 210509.6000
321.7456 210495.7000
321.8607 210246.6000
321.9757 210908.4000
322.0908 209961.7000
322.2059 210521.5000
322.3209 210647.2000
322.4360 210609.4000
322.5510 210354.1000
322.6661 210934.6000
322.7811 211179.8000
322.8962 210378.1000
323.0113 210569.0000
323.1263 210631.7000
323.2414 213523.5000
323.3564 210294.2000
323.4715 210624.6000
323.5865 210766.6000
323.7016 210882.2000
323.8166 210879.1000
323.9317 211307.1000
324.0468 210429.7000
324.1618 210290.8000
324.2769 210052.0000
324.3919 209895.8000
324.5070 211183.8000
324.6220 210707.3000
324.7371 211013.6000
324.8521 210636.6000
324.9672 210478.3000
325.0823 210157.5000
325.1973 210129.3000
325.3124 210654.9000
325.4274 210270.1000
325.5425 210181.4000
325.6576 211105.2000
325.7726 210495.6000
325.8877 210608.4000
326.0027 210454.7000
326.1178 212521.8000
326.2328 211784.6000
326.3479 210355.2000
326.4629 210375.4000
326.5780 210323.2000
326.6931 210546.7000
326.8081 212561.2000
326.9232 211045.8000
327.0382 210719.4000
327.1533 210490.1000
327.2683 210458.6000
327.3834 211402.8000
327.4984 209918.2000
327.6135 210466.7000
327.7286 210762.5000
327.8436 211193.6000
327.9587 210374.9000
328.0737 211209.3000
328.1888 210787.7000
328.3038 211626.5000
328.4189 210850.8000
328.5340 211980.3000
328.6490 210763.6000
328.7641 210651.8000
328.8791 210236.3000
328.9942 211579.6000
329.1092 211245.3000
329.2243 210656.5000
329.3393 212705.6000
329.4544 210684.0000
329.5695 211456.7000
329.6845 210797.6000
329.7996 210046.3000
329.9146 210974.8000
330.0297 210901.9000
330.1447 210462.2000
330.2598 210218.0000
330.3748 210914.8000
330.4899 210617.4000
330.6049 211147.8000
330.7200 210926.9000
330.8351 210596.8000
330.9501 210757.0000
331.0652 212424.5000
331.1802 210797.1000
331.2953 210994.5000
331.4103 210772.9000
331.5254 210950.5000
331.6404 210728.3000
331.7555 210643.9000
331.8706 210848.4000
331.9856 211125.7000
332.1007 210287.6000
332.2157 210316.0000
332.3308 210912.7000
332.4458 210602.6000
332.5609 211173.2000
332.6760 211664.6000
332.7910 210903.0000
332.9061 211072.9000
333.0211 210356.6000
333.1362 210485.2000
333.2512 213409.1000
333.3663 211437.6000
333.4813 210447.5000
333.5964 210052.1000
333.7115 211047.1000
333.8265 210876.7000
333.9416 210229.9000
334.0566 210451.4000
334.1717 211260.6000
334.2867 210915.4000
334.4018 210783.3000
334.5168 211152.3000
334.6319 210278.5000
334.7470 210689.3000
334.8620 210617.8000
334.9771 210949.9000
335.0921 211125.5000
335.2072 210625.2000
335.3222 211109.9000
335.4373 211636.4000
335.5523 211286.8000
335.6674 210903.3000
335.7824 210188.9000
335.8975 210931.9000
336.0125 210959.8000
336.1276 211214.2000
336.2427 211181.0000
336.3577 211678.3000
336.4728 210616.7000
336.5878 211221.8000
336.7029 211110.9000
336.8179 211409.9000
336.9330 211687.6000
337.0480 210944.5000
337.1631 211604.5000
337.2782 211401.4000
337.3932 211234.0000
337.5083 211496.4000
337.6233 211505.8000
337.7384 210768.1000
337.8534 210747.2000
337.9685 210659.2000
338.0835 211028.5000
338.1986 210700.7000
338.3136 211699.9000
338.4287 210404.4000
338.5438 211081.9000
338.6588 210624.6000
338.7739 211351.5000
338.8889 211099.4000
339.0040 211026.9000
339.1190 210847.8000
339.2341 210546.4000
339.3491 210125.8000
339.4642 211357.9000
339.5793 210208.6000
339.6943 210757.1000
339.8093 210415.1000
339.9244 210706.9000
340.0395 210750.1000
340.1545 210541.3000
340.2696 210584.6000
340.3846 210643.1000
340.4997 210549.5000
340.6147 211252.0000
340.7298 210276.3000
340.8448 210797.4000
340.9599 210475.7000
341.0750 210209.1000
341.1900 210675.9000
341.3051 210896.1000
341.4201 210404.2000
341.5352 210750.6000
341.6502 211546.2000
341.7653 210551.3000
341.8803 210514.2000
341.9954 210172.4000
342.1104 210367.0000
342.2255 210562.4000
342.3405 210130.7000
342.4556 210879.8000
342.5707 210533.5000
342.6857 210982.9000
342.8008 210608.8000
342.9158 211021.1000
343.0309 210544.0000
343.1459 210477.2000
343.2610 210940.8000
343.3760 210501.8000
343.4911 210742.6000
343.6061 210384.7000
343.7212 210487.7000
343.8362 210258.6000
343.9513 210490.9000
344.0663 212118.2000
344.1814 210282.8000
344.2964 210664.4000
344.4115 211326.7000
344.5266 210184.6000
344.6416 210644.2000
344.7567 214933.5000
344.8717 210923.7000
344.9868 210742.7000
345.1018 210708.1000
345.2169 210825.3000
345.3319 210590.2000
345.4470 211001.9000
345.5620 210945.2000
345.6771 210770.4000
345.7921 210674.4000
345.9072 210355.2000
346.0222 210536.6000
346.1373 210798.7000
346.2524 210686.9000
346.3674 211143.9000
346.4825 210974.7000
346.5975 212739.3000
346.7126 210638.3000
346.8276 210767.5000
346.9427 210873.2000
347.0577 210799.5000
347.1728 211659.6000
347.2878 210400.0000
347.4029 211239.1000
347.5179 211193.9000
347.6330 210501.0000
347.7480 211745.9000
347.8631 210585.7000
347.9782 210190.3000
348.0932 210454.8000
348.2083 211026.9000
348.3233 211229.2000
348.4384 211679.2000
348.5534 213440.8000
348.6685 210341.8000
348.7835 210982.8000
348.8986 210430.8000
349.0136 211198.7000
349.1287 210597.4000
349.2437 212221.3000
349.3588 211153.7000
349.4738 211634.0000
349.5889 211554.4000
349.7039 210997.6000
349.8190 210566.3000
349.9340 210229.9000
350.0491 210468.2000
350.1641 211058.7000
350.2792 211178.9000
350.3942 210153.2000
350.5093 211692.2000
350.6243 210722.9000
350.7394 210847.6000
350.8544 210385.6000
350.9695 211175.5000
351.0845 211582.6000
351.1996 210380.7000
351.3147 210756.4000
351.4297 211217.8000
351.5448 211191.3000
351.6598 210704.1000
351.7749 211178.4000
351.8899 211063.0000
352.0050 210717.2000
352.1200 211172.1000
352.2351 211578.6000
352.3501 211675.1000
352.4652 211118.8000
352.5802 211520.2000
352.6953 211306.3000
352.8103 211355.1000
352.9254 211166.7000
353.0404 211032.0000
353.1555 211171.0000
353.2705 211154.6000
353.3856 211893.6000
353.5006 210593.4000
353.6157 210613.6000
353.7307 210217.2000
353.8458 210886.0000
353.9608 210858.1000
354.0759 210871.1000
354.1909 210405.9000
354.3060 211787.8000
354.4210 211559.1000
354.5361 211070.0000
354.6511 210213.2000
354.7662 210750.6000
354.8812 211150.5000
354.9963 211077.0000
355.1113 211036.3000
355.2264 210921.2000
355.3414 211726.6000
355.4565 211353.9000
355.5715 210678.7000
355.6866 210500.5000
355.8016 210929.2000
355.9167 212296.8000
356.0317 211144.2000
356.1468 211131.1000
356.2618 211635.9000
356.3769 212334.3000
356.4919 213016.5000
356.6070 211715.8000
356.7220 212050.6000
356.8371 211531.0000
356.9521 212176.2000
357.0672 211942.9000
357.1822 212433.7000
357.2973 212142.9000
357.4123 211269.1000
357.5274 211422.5000
357.6424 211027.2000
357.7575 211278.0000
357.8725 211076.6000
357.9876 211019.6000
358.1026 210405.5000
358.2177 211197.0000
358.3327 210953.8000
358.4478 210978.9000
358.5628 210769.5000
358.6779 211047.7000
358.7929 210511.9000
358.9080 211090.0000
359.0230 211108.1000
359.1381 210987.7000
359.2531 210695.0000
359.3682 211008.0000
359.4832 210632.0000
359.5983 211381.2000
359.7133 210104.5000
359.8284 211796.8000
359.9434 211171.4000
360.0585 211146.0000
360.1735 211211.6000
360.2886 210634.0000
360.4036 210613.5000
360.5187 210828.2000
360.6337 210306.9000
360.7488 211213.8000
360.8638 211382.7000
360.9789 211539.9000
361.0939 210625.6000
361.2090 210718.3000
361.3240 211634.1000
361.4391 210981.9000
361.5541 211079.2000
361.6692 210671.2000
361.7842 210996.7000
361.8992 211094.9000
362.0143 210806.5000
362.1293 210848.5000
362.2444 210729.6000
362.3594 211236.0000
362.4745 210927.2000
362.5895 210936.3000
362.7046 210481.3000
362.8196 210634.0000
362.9347 211164.9000
363.0497 212945.0000
363.1648 210973.7000
363.2798 210986.3000
363.3949 211469.3000
363.5099 210571.3000
363.6250 210685.4000
363.7400 210849.7000
363.8551 210726.2000
363.9701 210653.6000
364.0852 210969.1000
364.2002 210372.2000
364.3152 210648.7000
364.4303 211154.3000
364.5453 210283.8000
364.6604 210399.0000
364.7754 211378.0000
364.8905 210716.4000
365.0055 210782.2000
365.1206 210391.2000
365.2356 210938.8000
365.3507 211811.4000
365.4657 210795.9000
365.5808 210794.1000
365.6958 211050.7000
365.8109 210425.6000
365.9259 211810.1000
366.0410 211436.4000
366.1560 211123.5000
366.2711 211379.5000
366.3861 210948.5000
366.5011 211135.9000
366.6162 210945.0000
366.7312 210713.4000
366.8463 210211.0000
366.9613 211470.9000
367.0764 211443.1000
367.1914 210950.0000
367.3065 210184.1000
367.4215 211841.0000
367.5366 211723.5000
367.6516 211023.8000
367.7667 210488.0000
367.8817 211056.5000
367.9967 210356.1000
368.1118 211509.3000
368.2268 211526.6000
368.3419 211611.7000
368.4569 210535.3000
368.5720 210795.8000
368.6870 210221.1000
368.8021 210811.4000
368.9171 211056.0000
369.0322 211274.4000
369.1472 210480.9000
369.2622 210608.9000
369.3773 212087.0000
369.4923 211148.6000
369.6074 210639.0000
369.7224 210912.4000
369.8375 210831.6000
369.9525 210276.7000
370.0676 211231.4000
370.1826 211157.7000
370.2976 211191.1000
370.4127 211231.9000
370.5277 210927.5000
370.6428 210492.0000
370.7578 211612.7000
370.8729 210640.6000
370.9879 210899.1000
371.1030 211101.9000
371.2180 211311.6000
371.3331 210412.7000
371.4481 212015.2000
371.5631 212041.5000
371.6782 212488.1000
371.7932 212025.5000
371.9083 210820.9000
372.0233 210186.7000
372.1384 212031.4000
372.2534 211766.1000
372.3684 210925.6000
372.4835 210925.2000
372.5985 210672.8000
372.7136 210962.9000
372.8286 210779.0000
372.9437 211074.5000
373.0587 210540.5000
373.1737 210838.5000
373.2888 210639.5000
373.4038 211753.3000
373.5189 211319.3000
373.6339 210724.9000
373.7490 210771.6000
373.8640 211310.3000
373.9790 211090.5000
374.0941 210706.8000
374.2091 210832.0000
374.3242 210638.7000
374.4392 210688.2000
374.5543 211104.5000
374.6693 211847.2000
374.7844 211020.1000
374.8994 211023.9000
375.0144 211140.1000
375.1295 210321.9000
375.2445 211323.0000
375.3596 210398.3000
375.4746 211509.1000
375.5897 210352.1000
375.7047 211130.0000
375.8197 210651.6000
375.9348 212468.9000
376.0498 210466.1000
376.1649 210943.7000
376.2799 210679.1000
376.3949 210751.0000
376.5100 210558.7000
376.6250 210552.3000
376.7401 211541.5000
376.8551 210654.5000
376.9702 210434.5000
377.0852 211311.9000
377.2002 210614.1000
377.3153 210551.3000
377.4303 211254.9000
377.5454 210842.9000
377.6604 210958.1000
377.7754 210961.1000
377.8905 211564.7000
378.0055 210940.1000
378.1206 210952.7000
378.2356 212369.7000
378.3506 210835.9000
378.4657 211192.2000
378.5807 211112.9000
378.6958 212072.5000
378.8108 211308.0000
378.9259 211506.9000
379.0409 211604.9000
379.1559 211215.7000
379.2710 211600.2000
379.3860 211218.2000
379.5011 210884.9000
379.6161 211647.6000
379.7311 212505.0000
379.8462 210391.6000
379.9612 211155.6000
380.0763 211218.7000
380.1913 210846.4000
380.3063 211077.3000
380.4214 210687.3000
380.5364 210124.9000
380.6515 210691.4000
380.7665 211280.8000
380.8815 210788.3000
380.9966 210256.7000
381.1116 211283.0000
381.2267 210585.0000
381.3417 211088.9000
381.4567 212491.2000
381.5718 210735.1000
381.6868 210679.3000
381.8019 211110.1000
381.9169 211172.7000
382.0319 210789.6000
382.1470 210728.3000
382.2620 211067.3000
382.3770 211290.7000
382.4921 211151.5000
382.6071 210913.7000
382.7222 211147.4000
382.8372 210818.1000
382.9522 210689.2000
383.0673 211173.6000
383.1823 210927.1000
383.2974 210746.9000
383.4124 210648.3000
383.5274 210406.5000
383.6425 210490.5000
383.7575 210523.3000
383.8726 210830.2000
383.9876 210881.8000
384.1026 210906.5000
384.2177 210371.1000
384.3327 210840.7000
384.4477 211287.9000
384.5628 211823.6000
384.6778 210506.7000
384.7929 210923.8000
384.9079 211280.4000
385.0229 211198.0000
385.1380 211929.1000
385.2530 210310.0000
385.3680 210505.1000
385.4831 211100.5000
385.5981 210727.4000
385.7132 210660.2000
385.8282 211052.3000
385.9432 210673.0000
386.0583 211053.8000
386.1733 210710.9000
386.2883 210933.3000
386.4034 210395.5000
386.5184 210428.0000
386.6334 210885.1000
386.7485 210365.5000
386.8635 210798.0000
386.9786 210857.6000
387.0936 211055.3000
387.2086 210243.0000
387.3237 210840.3000
387.4387 210636.8000
387.5537 211142.4000
387.6688 210731.4000
387.7838 210689.1000
387.8988 211528.3000
388.0139 210582.8000
388.1289 210938.1000
388.2440 211134.4000
388.3590 210496.2000
388.4740 210394.7000
388.5891 210742.0000
388.7041 210255.4000
388.8191 210604.8000
388.9342 210897.1000
389.0492 211299.8000
389.1642 210536.3000
389.2793 210814.2000
389.3943 210421.8000
389.5093 211059.5000
389.6244 210863.4000
389.7394 210986.7000
389.8545 210529.1000
389.9695 210749.3000
390.0845 210477.0000
390.1996 211085.2000
390.3146 211549.9000
390.4296 210654.0000
390.5447 211799.0000
390.6597 211518.3000
390.7747 210440.3000
390.8898 211276.1000
391.0048 210658.1000
391.1198 210957.6000
391.2349 210430.2000
391.3499 210438.4000
391.4649 211027.6000
391.5800 210414.5000
391.6950 210724.6000
391.8100 210660.5000
391.9251 210760.2000
392.0401 211550.1000
392.1551 210123.5000
392.2702 210354.5000
392.3852 210490.2000
392.5002 210337.5000
392.6153 210442.4000
392.7303 210328.9000
392.8453 210989.5000
392.9604 210873.2000
393.0754 210463.7000
393.1904 211049.8000
393.3055 210328.9000
393.4205 210793.1000
393.5355 210514.8000
393.6506 210417.9000
393.7656 210299.0000
393.8806 210815.6000
393.9957 210433.1000
394.1107 212053.8000
394.2257 211102.8000
394.3408 211329.7000
394.4558 212347.9000
394.5708 210515.9000
394.6859 212686.4000
394.8009 210578.4000
394.9159 210343.3000
395.0310 210525.5000
395.1460 210815.0000
395.2610 210264.7000
395.3761 210693.0000
395.4911 210620.8000
395.6061 210488.7000
395.7211 210933.7000
395.8362 211100.1000
395.9512 212124.6000
396.0662 210391.4000
396.1813 210286.2000
396.2963 210878.2000
396.4113 211337.2000
396.5264 210490.9000
396.6414 210695.0000
396.7564 211072.7000
396.8714 210786.2000
396.9865 210474.4000
397.1015 210279.1000
397.2165 210875.0000
397.3316 210663.1000
397.4466 210825.2000
397.5616 210337.7000
397.6767 210497.4000
397.7917 211729.0000
397.9067 210865.4000
398.0217 210701.7000
398.1368 210686.4000
398.2518 210686.4000
398.3668 210956.3000
398.4819 210563.2000
398.5969 210655.4000
398.7119 210789.3000
398.8270 211287.1000
398.9420 211700.6000
399.0570 211498.8000
399.1720 211419.1000
399.2871 210614.0000
399.4021 210522.5000
399.5171 210720.9000
399.6322 210307.7000
399.7472 212168.1000
399.8622 210420.4000
399.9772 210970.7000
400.0923 210320.3000
400.2073 210284.8000
400.3223 210262.1000
400.4374 211643.4000
400.5524 211817.1000
400.6674 210491.1000
400.7824 210789.8000
400.8975 210619.4000
401.0125 210099.9000
401.1275 210502.4000
401.2425 210900.4000
401.3576 210964.0000
401.4726 210082.6000
401.5876 210326.0000
401.7027 210287.5000
401.8177 210714.6000
401.9327 211104.7000
402.0477 210922.2000
402.1628 210922.5000
402.2778 210071.4000
402.3928 210585.8000
402.5079 210697.7000
402.6229 210759.3000
402.7379 210840.0000
402.8529 210915.4000
402.9680 210199.1000
403.0830 211082.6000
403.1980 211135.8000
403.3130 210940.8000
403.4281 210831.4000
403.5431 210627.2000
403.6581 210819.0000
403.7731 210421.8000
403.8882 210919.1000
404.0032 210632.8000
404.1182 211035.3000
404.2332 210545.0000
404.3483 211952.8000
404.4633 211136.6000
404.5783 211011.4000
404.6933 211126.6000
404.8084 210487.6000
404.9234 210685.2000
405.0384 211279.8000
405.1534 212594.6000
405.2685 210579.2000
405.3835 210551.6000
405.4985 210223.4000
405.6135 211203.0000
405.7286 210750.0000
405.8436 210607.6000
405.9586 210062.7000
406.0736 210881.8000
406.1887 210643.5000
406.3037 210514.0000
406.4187 210029.6000
406.5337 210826.2000
406.6488 210898.5000
406.7638 211744.2000
406.8788 210244.7000
406.9938 210684.1000
407.1089 210303.1000
407.2239 210587.7000
407.3389 211193.3000
407.4539 210703.3000
407.5689 210312.6000
407.6840 210929.8000
407.7990 209997.2000
407.9140 211238.5000
408.0290 210712.5000
408.1441 210668.2000
408.2591 212496.7000
408.3741 210843.5000
408.4891 210647.8000
408.6042 210305.5000
408.7192 209990.0000
408.8342 211537.5000
408.9492 211070.7000
409.0642 210833.7000
409.1793 211630.9000
409.2943 210228.2000
409.4093 210647.9000
409.5243 210865.1000
409.6393 210746.0000
409.7544 210765.8000
409.8694 211146.0000
409.9844 211443.3000
410.0994 212943.0000
410.2145 210396.0000
410.3295 210745.0000
410.4445 211622.6000
410.5595 211401.5000
410.6745 211098.5000
410.7896 210682.5000
410.9046 210653.7000
411.0196 210559.1000
411.1346 212425.1000
411.2496 210535.8000
411.3647 210701.7000
411.4797 210204.8000
411.5947 210959.4000
411.7097 210742.0000
411.8247 210997.6000
411.9398 210418.7000
412.0548 210740.3000
412.1698 211060.7000
412.2848 212177.0000
412.3998 210617.1000
412.5149 210518.1000
412.6299 210589.2000
412.7449 210892.8000
412.8599 210683.6000
412.9749 211229.1000
413.0900 211062.5000
413.2050 210526.7000
413.3200 210882.3000
413.4350 210646.4000
413.5500 210673.7000
413.6651 210391.9000
413.7801 210354.8000
413.8951 210637.7000
414.0101 210743.4000
414.1251 210873.7000
414.2401 210674.6000
414.3552 210318.0000
414.4702 210520.5000
414.5852 210664.9000
414.7002 210374.1000
414.8152 210472.4000
414.9303 210548.9000
415.0453 210095.8000
415.1603 210539.5000
415.2753 210924.7000
415.3903 211083.3000
415.5053 210116.4000
415.6203 210555.8000
415.7354 210870.5000
415.8504 211669.7000
415.9654 210672.7000
416.0804 210774.9000
416.1954 210550.6000
416.3105 210749.8000
416.4255 210144.9000
416.5405 211093.2000
416.6555 210519.1000
416.7705 210956.7000
416.8855 209918.3000
417.0005 210774.2000
417.1156 210502.9000
417.2306 210882.7000
417.3456 211556.5000
417.4606 211357.8000
417.5756 210520.3000
417.6906 210016.2000
