300.0000 212181.9000
300.1150 211640.5000
300.2301 212521.1000
300.3452 211140.7000
300.4602 211974.1000
300.5753 211737.6000
300.6903 211753.7000
300.8054 212277.8000
300.9204 211378.0000
301.0355 211313.3000
301.1506 211048.7000
301.2656 211911.1000
301.3807 211257.8000
301.4957 212294.0000
301.6108 211234.0000
301.7258 211059.1000
301.8409 211711.6000
301.9559 211840.2000
302.0710 211212.8000
302.1861 211311.8000
302.3011 211141.8000
302.4162 211000.8000
302.5312 211003.2000
302.6463 211499.2000
302.7613 210780.2000
302.8764 211866.2000
302.9914 211155.6000
303.1065 212951.1000
303.2216 210628.8000
303.3366 211877.8000
303.4517 211610.4000
303.5667 210751.7000
303.6818 211336.6000
303.7968 212106.1000
303.9119 211888.3000
304.0269 210934.1000
304.1420 211560.5000
304.2571 211053.0000
304.3721 212132.5000
304.4872 210922.0000
304.6022 210345.3000
304.7173 211732.9000
304.8323 211830.0000
304.9474 211244.3000
305.0625 210814.2000
305.1775 211776.1000
305.2926 211383.2000
305.4076 211094.5000
305.5227 210940.6000
305.6377 211382.3000
305.7528 211798.4000
305.8678 211071.8000
305.9829 211017.6000
306.0980 211543.1000
306.2130 210828.5000
306.3281 211196.1000
306.4431 210773.4000
306.5582 210786.0000
306.6732 211016.0000
306.7883 210379.1000
306.9033 211126.3000
307.0184 210776.5000
307.1335 211328.5000
307.2485 211388.7000
307.3636 211096.8000
307.4786 210670.1000
307.5937 211853.2000
307.7087 211575.2000
307.8238 210729.7000
307.9389 210925.3000
308.0539 210355.3000
308.1690 210871.5000
308.2840 210709.2000
308.3991 211563.1000
308.5141 210326.6000
308.6292 210533.0000
308.7443 210632.4000
308.8593 210814.9000
308.9744 210905.8000
309.0894 210599.7000
309.2045 210983.0000
309.3195 210721.0000
309.4346 211498.7000
309.5496 211154.2000
309.6647 210546.7000
309.7798 210828.0000
309.8948 210716.0000
310.0099 210198.6000
310.1249 210087.7000
310.2400 210402.7000
310.3550 210415.0000
310.4701 210625.1000
310.5851 211053.8000
310.7002 210072.8000
310.8153 212710.2000
310.9303 210798.9000
311.0454 210269.0000
311.1604 211110.4000
311.2755 210917.1000
311.3906 210258.6000
311.5056 211055.8000
311.6207 211140.2000
311.7357 210556.5000
311.8508 210864.5000
311.9658 210477.0000
312.0809 211024.0000
312.1959 210372.4000
312.3110 210999.9000
312.4260 211047.2000
312.5411 210374.3000
312.6562 211184.3000
312.7712 210249.5000
312.8863 210619.3000
313.0013 210683.6000
313.1164 210696.1000
313.2314 210382.6000
313.3465 211094.2000
313.4616 211082.1000
313.5766 210112.0000
313.6917 210816.7000
313.8067 211534.4000
313.9218 210974.7000
314.0369 210420.6000
314.1519 210692.9000
314.2670 210776.7000
314.3820 210674.8000
314.4971 210893.4000
314.6121 210632.4000
314.7272 210941.9000
314.8422 210589.6000
314.9573 210776.2000
315.0723 210655.9000
315.1874 210331.6000
315.3025 210399.1000
315.4175 210695.2000
315.5326 210387.4000
315.6476 210788.3000
315.7627 210605.5000
315.8777 210358.2000
315.9928 211518.0000
316.1079 211062.6000
316.2229 210518.7000
316.3380 211146.0000
316.4530 211094.1000
316.5681 210639.0000
316.6832 210324.1000
316.7982 210695.4000
316.9133 210181.1000
317.0283 210815.7000
317.1434 210223.9000
317.2584 210903.0000
317.3735 210260.1000
317.4885 210847.5000
317.6036 210536.8000
317.7187 210632.5000
317.8337 210631.0000
317.9488 210272.6000
318.0638 211033.9000
318.1789 211285.5000
318.2939 211382.3000
318.4090 210788.8000
318.5240 211666.2000
318.6391 211025.6000
318.7542 211527.5000
318.8692 211009.7000
318.9843 211053.3000
319.0993 210733.2000
319.2144 210435.5000
319.3295 210992.9000
319.4445 211035.1000
319.5596 210732.8000
319.6746 210517.8000
319.7897 210549.5000
319.9047 211450.5000
320.0198 210528.2000
320.1348 210962.9000
320.2499 210906.1000
320.3650 210999.5000
320.4800 211209.4000
320.5951 210725.4000
320.7101 210577.4000
320.8252 210532.7000
320.9402 210553.9000
321.0553 210539.3000
321.1703 210445.5000
321.2854 210373.1000
321.4005 210755.7000
321.5155 211255.8000
321.6306 210402.8000
321.7456 210450.7000
321.8607 210189.8000
321.9757 210763.4000
322.0908 209853.9000
322.2059 210431.1000
322.3209 210580.9000
322.4360 210460.9000
322.5510 210319.0000
322.6661 210858.2000
322.7811 211391.2000
322.8962 211179.3000
323.0113 210824.6000
323.1263 210461.2000
323.2414 213445.2000
323.3564 210278.5000
323.4715 210478.2000
323.5865 210639.0000
323.7016 210924.4000
323.8166 210728.7000
323.9317 211207.0000
324.0468 210264.3000
324.1618 210318.7000
324.2769 210009.8000
324.3919 209788.3000
324.5070 211031.4000
324.6220 210670.0000
324.7371 210950.8000
324.8521 210653.6000
324.9672 210504.6000
325.0823 210150.4000
325.1973 210092.0000
325.3124 210559.4000
325.4274 210169.9000
325.5425 210017.4000
325.6576 211043.1000
325.7726 210331.7000
325.8877 210553.7000
326.0027 210309.3000
326.1178 212362.7000
326.2328 211628.2000
326.3479 210216.5000
326.4629 210225.9000
326.5780 210238.6000
326.6931 210457.7000
326.8081 212424.3000
326.9232 210968.8000
327.0382 210619.3000
327.1533 210428.5000
327.2683 210318.6000
327.3834 211350.8000
327.4984 209901.2000
327.6135 210572.1000
327.7286 211350.6000
327.8436 211310.0000
327.9587 210558.7000
328.0737 211362.2000
328.1888 210855.7000
328.3038 211511.2000
328.4189 210604.5000
328.5340 211017.0000
328.6490 210286.4000
328.7641 210545.0000
328.8791 210150.8000
328.9942 211457.8000
329.1092 211292.5000
329.2243 210728.6000
329.3393 212408.7000
329.4544 210642.9000
329.5695 211319.3000
329.6845 210768.0000
329.7996 209982.2000
329.9146 210881.8000
330.0297 210846.3000
330.1447 210434.3000
330.2598 210175.5000
330.3748 210826.2000
330.4899 210547.3000
330.6049 211008.9000
330.7200 210682.1000
330.8351 210427.3000
330.9501 210641.1000
331.0652 212360.8000
331.1802 210638.6000
331.2953 210845.7000
331.4103 210623.4000
331.5254 210997.9000
331.6404 210579.6000
331.7555 210521.0000
331.8706 210757.7000
331.9856 211012.8000
332.1007 210171.7000
332.2157 210186.1000
332.3308 210841.8000
332.4458 210475.5000
332.5609 210970.1000
332.6760 211449.3000
332.7910 210749.1000
332.9061 210866.0000
333.0211 210144.6000
333.1362 210271.2000
333.2512 213075.2000
333.3663 211164.2000
333.4813 210100.0000
333.5964 209801.5000
333.7115 210922.9000
333.8265 210743.7000
333.9416 210190.2000
334.0566 210395.3000
334.1717 211116.5000
334.2867 210710.1000
334.4018 210625.2000
334.5168 210955.0000
334.6319 210106.8000
334.7470 210565.4000
334.8620 210349.1000
334.9771 210651.7000
335.0921 210742.6000
335.2072 209843.2000
335.3222 210109.1000
335.4373 210914.2000
335.5523 210754.8000
335.6674 210420.8000
335.7824 209737.2000
335.8975 210492.9000
336.0125 210586.0000
336.1276 210750.7000
336.2427 210484.7000
336.3577 210688.2000
336.4728 210240.4000
336.5878 210934.9000
336.7029 210875.8000
336.8179 210842.2000
336.9330 210679.9000
337.0480 210213.1000
337.1631 210986.5000
337.2782 210762.3000
337.3932 210870.6000
337.5083 211219.0000
337.6233 211297.6000
337.7384 210390.8000
337.8534 210558.8000
337.9685 210556.8000
338.0835 210847.5000
338.1986 210584.4000
338.3136 211503.2000
338.4287 210260.9000
338.5438 211022.1000
338.6588 210482.5000
338.7739 211318.3000
338.8889 210810.7000
339.0040 210931.1000
339.1190 210747.1000
339.2341 210440.8000
339.3491 210043.6000
339.4642 211280.0000
339.5793 210025.0000
339.6943 210630.0000
339.8093 210175.0000
339.9244 210637.0000
340.0395 210541.3000
340.1545 210416.1000
340.2696 210440.9000
340.3846 210502.5000
340.4997 210503.2000
340.6147 211084.4000
340.7298 210200.3000
340.8448 210629.5000
340.9599 210355.0000
341.0750 210163.1000
341.1900 210631.5000
341.3051 210775.5000
341.4201 210319.4000
341.5352 210733.8000
341.6502 211182.3000
341.7653 210377.0000
341.8803 210412.3000
341.9954 210075.4000
342.1104 210294.3000
342.2255 210527.0000
342.3405 210039.1000
342.4556 210779.5000
342.5707 210448.1000
342.6857 210922.5000
342.8008 210502.0000
342.9158 210858.6000
343.0309 210460.4000
343.1459 210479.6000
343.2610 211100.9000
343.3760 210587.7000
343.4911 210807.6000
343.6061 210325.1000
343.7212 210327.4000
343.8362 210207.7000
343.9513 210421.4000
344.0663 212043.9000
344.1814 210151.1000
344.2964 210660.3000
344.4115 211257.3000
344.5266 210235.0000
344.6416 210612.5000
344.7567 214768.7000
344.8717 210801.3000
344.9868 210583.6000
345.1018 210577.5000
345.2169 210591.1000
345.3319 210491.7000
345.4470 210968.8000
345.5620 210929.9000
345.6771 210655.8000
345.7921 210462.5000
345.9072 210276.5000
346.0222 210471.8000
346.1373 210682.7000
346.2524 210661.6000
346.3674 211044.0000
346.4825 210835.8000
346.5975 212588.2000
346.7126 210305.6000
346.8276 210514.2000
346.9427 210728.2000
347.0577 210710.2000
347.1728 211545.3000
347.2878 210325.2000
347.4029 211020.0000
347.5179 211087.5000
347.6330 210427.7000
347.7480 211629.5000
347.8631 210522.9000
347.9782 210037.1000
348.0932 210336.1000
348.2083 210860.1000
348.3233 211072.5000
348.4384 211586.8000
348.5534 213311.4000
348.6685 210219.9000
348.7835 210851.8000
348.8986 210244.3000
349.0136 210949.0000
349.1287 210445.2000
349.2437 211987.0000
349.3588 210689.9000
349.4738 211227.1000
349.5889 211215.7000
349.7039 210737.0000
349.8190 210286.7000
349.9340 209974.8000
350.0491 210369.1000
350.1641 210692.7000
350.2792 210868.1000
350.3942 209980.5000
350.5093 211498.1000
350.6243 210621.8000
350.7394 210863.6000
350.8544 210330.8000
350.9695 211027.2000
351.0845 211424.8000
351.1996 210279.9000
351.3147 210504.6000
351.4297 210987.7000
351.5448 210928.0000
351.6598 210557.2000
351.7749 210763.5000
351.8899 210943.3000
352.0050 210780.4000
352.1200 211167.8000
352.2351 211731.0000
352.3501 211783.5000
352.4652 211345.6000
352.5802 211136.0000
352.6953 210723.4000
352.8103 210733.6000
352.9254 210631.0000
353.0404 210714.0000
353.1555 210688.3000
353.2705 210606.7000
353.3856 211373.4000
353.5006 210389.2000
353.6157 210502.4000
353.7307 210043.7000
353.8458 210547.9000
353.9608 210530.4000
354.0759 210631.7000
354.1909 210181.9000
354.3060 211391.3000
354.4210 211260.2000
354.5361 210734.7000
354.6511 209929.4000
354.7662 210447.4000
354.8812 210812.1000
354.9963 210951.5000
355.1113 210866.9000
355.2264 210394.5000
355.3414 211313.6000
355.4565 210896.7000
355.5715 210166.5000
355.6866 210108.9000
355.8016 210560.9000
355.9167 211884.0000
356.0317 210848.0000
356.1468 210523.0000
356.2618 210514.8000
356.3769 211040.5000
356.4919 211610.6000
356.6070 210640.8000
356.7220 211252.4000
356.8371 210299.8000
356.9521 210296.6000
357.0672 210313.7000
357.1822 211603.1000
357.2973 211097.6000
357.4123 210648.9000
357.5274 210736.6000
357.6424 210539.2000
357.7575 210945.9000
357.8725 210871.7000
357.9876 210815.5000
358.1026 210288.2000
358.2177 211101.8000
358.3327 210779.4000
358.4478 210817.3000
358.5628 210602.6000
358.6779 210872.4000
358.7929 210400.6000
358.9080 210976.7000
359.0230 211037.1000
359.1381 210907.9000
359.2531 210617.8000
359.3682 210946.4000
359.4832 210558.2000
359.5983 211247.9000
359.7133 209975.4000
359.8284 211681.7000
359.9434 211116.7000
360.0585 211009.4000
360.1735 211174.8000
360.2886 210538.4000
360.4036 210551.2000
360.5187 210796.0000
360.6337 210289.7000
360.7488 211068.0000
360.8638 210956.2000
360.9789 211289.6000
361.0939 210496.8000
361.2090 210591.6000
361.3240 211507.9000
361.4391 210843.3000
361.5541 211008.5000
361.6692 210485.5000
361.7842 210828.1000
361.8992 211014.3000
362.0143 210759.0000
362.1293 210531.2000
362.2444 210480.3000
362.3594 211071.8000
362.4745 210844.1000
362.5895 210864.4000
362.7046 210344.8000
362.8196 210427.6000
362.9347 210611.1000
363.0497 211984.1000
363.1648 210091.7000
363.2798 210569.0000
363.3949 211143.1000
363.5099 210460.1000
363.6250 210598.9000
363.7400 210737.7000
363.8551 210675.6000
363.9701 210536.8000
364.0852 210778.5000
364.2002 210241.0000
364.3152 210679.5000
364.4303 211246.1000
364.5453 210359.5000
364.6604 210438.6000
364.7754 211287.4000
364.8905 210839.4000
365.0055 210751.7000
365.1206 210331.2000
365.2356 210850.9000
365.3507 211674.2000
365.4657 210715.5000
365.5808 210762.8000
365.6958 211256.0000
365.8109 210420.7000
365.9259 211729.9000
366.0410 211317.9000
366.1560 211010.1000
366.2711 211250.9000
366.3861 210844.0000
366.5011 211074.9000
366.6162 210805.6000
366.7312 210651.3000
366.8463 210162.7000
366.9613 211660.8000
367.0764 211366.6000
367.1914 210797.2000
367.3065 210063.0000
367.4215 211633.9000
367.5366 211521.9000
367.6516 210896.0000
367.7667 210442.5000
367.8817 211051.3000
367.9967 210211.9000
368.1118 211373.0000
368.2268 211389.8000
368.3419 211488.8000
368.4569 210400.7000
368.5720 210719.0000
368.6870 210044.0000
368.8021 210686.6000
368.9171 210937.9000
369.0322 211176.5000
369.1472 210374.2000
369.2622 210516.5000
369.3773 211977.1000
369.4923 211013.2000
369.6074 210531.3000
369.7224 210821.8000
369.8375 210817.8000
369.9525 210196.8000
370.0676 211150.4000
370.1826 211048.9000
370.2976 210923.2000
370.4127 211002.9000
370.5277 210703.3000
370.6428 210321.1000
370.7578 211273.6000
370.8729 210267.2000
370.9879 210692.0000
371.1030 211067.5000
371.2180 211385.1000
371.3331 210307.2000
371.4481 211823.4000
371.5631 211757.7000
371.6782 212288.9000
371.7932 211867.0000
371.9083 210788.2000
372.0233 210041.4000
372.1384 211811.2000
372.2534 211652.2000
372.3684 210798.7000
372.4835 210872.2000
372.5985 210508.2000
372.7136 210906.5000
372.8286 210860.3000
372.9437 210846.0000
373.0587 210319.0000
373.1737 210687.6000
373.2888 210348.6000
373.4038 211375.4000
373.5189 211013.9000
373.6339 210271.5000
373.7490 210533.6000
373.8640 211171.4000
373.9790 211056.1000
374.0941 210587.5000
374.2091 210636.2000
374.3242 210419.2000
374.4392 210391.6000
374.5543 210800.6000
374.6693 211541.1000
374.7844 210659.7000
374.8994 210715.3000
375.0144 211012.1000
375.1295 210205.0000
375.2445 211127.6000
375.3596 210171.7000
375.4746 211513.0000
375.5897 210486.3000
375.7047 211221.8000
375.8197 210529.4000
375.9348 212436.1000
376.0498 210437.2000
376.1649 210851.9000
376.2799 210635.1000
376.3949 210743.7000
376.5100 210569.6000
376.6250 210474.0000
376.7401 211364.9000
376.8551 210558.2000
376.9702 210373.6000
377.0852 211166.0000
377.2002 210594.9000
377.3153 210388.5000
377.4303 211000.0000
377.5454 210598.9000
377.6604 210719.8000
377.7754 210543.2000
377.8905 211040.2000
378.0055 210476.3000
378.1206 210840.0000
378.2356 212182.9000
378.3506 210538.8000
378.4657 210759.1000
378.5807 210614.4000
378.6958 211791.9000
378.8108 210919.1000
378.9259 210899.7000
379.0409 211209.8000
379.1559 210767.4000
379.2710 211183.6000
379.3860 210915.0000
379.5011 210522.0000
379.6161 211249.4000
379.7311 212094.6000
379.8462 210201.6000
379.9612 211076.8000
380.0763 211117.6000
380.1913 210778.5000
380.3063 211030.5000
380.4214 210661.0000
380.5364 210112.5000
380.6515 210724.4000
380.7665 211266.7000
380.8815 210636.8000
380.9966 210148.4000
381.1116 211250.5000
381.2267 210457.4000
381.3417 210880.8000
381.4567 211876.4000
381.5718 210617.8000
381.6868 210612.2000
381.8019 211054.1000
381.9169 211169.4000
382.0319 210775.1000
382.1470 210663.5000
382.2620 211032.0000
382.3770 211279.5000
382.4921 211131.0000
382.6071 210859.1000
382.7222 211086.5000
382.8372 210836.0000
382.9522 210705.2000
383.0673 211119.8000
383.1823 210856.5000
383.2974 210777.8000
383.4124 210624.3000
383.5274 210360.0000
383.6425 210390.5000
383.7575 210491.4000
383.8726 210849.3000
383.9876 210861.0000
384.1026 210849.9000
384.2177 210389.6000
384.3327 210809.1000
384.4477 211255.9000
384.5628 211777.3000
384.6778 210470.0000
384.7929 210920.4000
384.9079 211230.5000
385.0229 211149.9000
385.1380 211767.4000
385.2530 210317.6000
385.3680 210539.5000
385.4831 211090.1000
385.5981 210764.2000
385.7132 210756.9000
385.8282 211073.4000
385.9432 210657.9000
386.0583 211027.9000
386.1733 210691.6000
386.2883 210554.0000
386.4034 210391.7000
386.5184 210376.1000
386.6334 210907.8000
386.7485 210268.0000
386.8635 210764.0000
386.9786 210833.2000
387.0936 211015.8000
387.2086 210238.8000
387.3237 210784.5000
387.4387 210649.4000
387.5537 211101.1000
387.6688 210661.2000
387.7838 210717.2000
387.8988 211519.3000
388.0139 210584.1000
388.1289 210961.5000
388.2440 211094.5000
388.3590 210488.1000
388.4740 210378.6000
388.5891 210713.8000
388.7041 210283.7000
388.8191 210611.8000
388.9342 210899.3000
389.0492 211302.7000
389.1642 210632.0000
389.2793 210880.3000
389.3943 210543.0000
389.5093 210705.1000
389.6244 210854.5000
389.7394 210945.9000
389.8545 210565.0000
389.9695 210861.5000
390.0845 210426.7000
390.1996 211046.3000
390.3146 211468.2000
390.4296 210636.1000
390.5447 211806.1000
390.6597 211448.3000
390.7747 210363.6000
390.8898 211153.9000
391.0048 210491.8000
391.1198 210910.9000
391.2349 210435.5000
391.3499 210428.3000
391.4649 211122.9000
391.5800 210469.6000
391.6950 210704.1000
391.8100 210614.6000
391.9251 210877.9000
392.0401 211477.9000
392.1551 210173.3000
392.2702 210325.5000
392.3852 210393.1000
392.5002 210306.2000
392.6153 210473.8000
392.7303 210433.6000
392.8453 211056.1000
392.9604 210852.6000
393.0754 210492.5000
393.1904 211058.3000
393.3055 210323.2000
393.4205 210709.0000
393.5355 210430.0000
393.6506 210380.4000
393.7656 210229.0000
393.8806 210807.4000
393.9957 210444.3000
394.1107 212030.4000
394.2257 211145.6000
394.3408 211343.0000
394.4558 212403.8000
394.5708 210538.7000
394.6859 212912.8000
394.8009 210525.5000
394.9159 210360.6000
395.0310 210558.5000
395.1460 210848.6000
395.2610 210318.9000
395.3761 210715.2000
395.4911 210733.2000
395.6061 210535.6000
395.7211 210975.1000
395.8362 211072.7000
395.9512 212175.6000
396.0662 210541.0000
396.1813 210336.5000
396.2963 210931.5000
396.4113 211469.4000
396.5264 210700.2000
396.6414 210817.7000
396.7564 211115.0000
396.8714 210809.2000
396.9865 210491.8000
397.1015 210376.2000
397.2165 210930.9000
397.3316 210558.9000
397.4466 210848.0000
397.5616 210483.5000
397.6767 210587.3000
397.7917 211828.9000
397.9067 210698.9000
398.0217 210660.1000
398.1368 210642.9000
398.2518 210658.2000
398.3668 210866.3000
398.4819 210561.2000
398.5969 210609.4000
398.7119 210754.3000
398.8270 211314.6000
398.9420 211629.7000
399.0570 211559.6000
399.1720 211442.3000
399.2871 210741.4000
399.4021 210510.7000
399.5171 210728.4000
399.6322 210338.2000
399.7472 212229.0000
399.8622 210479.9000
399.9772 210954.9000
400.0923 210408.8000
400.2073 210273.4000
400.3223 210436.9000
400.4374 211709.5000
400.5524 211862.7000
400.6674 210551.5000
400.7824 210794.2000
400.8975 210664.2000
401.0125 210082.6000
401.1275 210533.4000
401.2425 210984.0000
401.3576 210933.6000
401.4726 210051.0000
401.5876 210386.6000
401.7027 210312.2000
401.8177 210731.5000
401.9327 211126.7000
402.0477 211007.6000
402.1628 210928.6000
402.2778 210125.7000
402.3928 210573.4000
402.5079 210702.5000
402.6229 210835.5000
402.7379 210823.0000
402.8529 211012.7000
402.9680 210274.8000
403.0830 211026.4000
403.1980 211147.1000
403.3130 211017.3000
403.4281 210824.4000
403.5431 210595.3000
403.6581 210876.1000
403.7731 210347.4000
403.8882 210711.6000
404.0032 210538.8000
404.1182 211047.4000
404.2332 210425.2000
404.3483 211662.6000
404.4633 210940.7000
404.5783 210855.2000
404.6933 211012.7000
404.8084 210393.5000
404.9234 210625.3000
405.0384 211148.3000
405.1534 212537.2000
405.2685 210627.0000
405.3835 210580.1000
405.4985 210302.7000
405.6135 211192.2000
405.7286 210756.5000
405.8436 210664.1000
405.9586 210094.8000
406.0736 210913.4000
406.1887 210708.3000
406.3037 210512.1000
406.4187 210072.5000
406.5337 210947.6000
406.6488 210951.7000
406.7638 211565.9000
406.8788 210309.8000
406.9938 210686.5000
407.1089 210332.5000
407.2239 210623.0000
407.3389 211317.2000
407.4539 210823.2000
407.5689 210451.3000
407.6840 211044.2000
407.7990 210131.5000
407.9140 211304.7000
408.0290 210772.1000
408.1441 210753.6000
408.2591 212515.2000
408.3741 210822.0000
408.4891 210694.9000
408.6042 210298.5000
408.7192 209991.3000
408.8342 211479.7000
408.9492 211106.7000
409.0642 210843.8000
409.1793 211668.6000
409.2943 210317.0000
409.4093 210793.1000
409.5243 210864.3000
409.6393 210791.8000
409.7544 210786.8000
409.8694 211147.9000
409.9844 211387.3000
410.0994 212807.9000
410.2145 210381.2000
410.3295 210639.0000
410.4445 211260.2000
410.5595 210914.1000
410.6745 210795.4000
410.7896 210629.1000
410.9046 210656.2000
411.0196 210571.7000
411.1346 212432.4000
411.2496 210479.3000
411.3647 210766.7000
411.4797 210317.0000
411.5947 211075.5000
411.7097 210762.1000
411.8247 210914.0000
411.9398 210464.8000
412.0548 210698.0000
412.1698 211072.1000
412.2848 212190.5000
412.3998 210573.0000
412.5149 210495.3000
412.6299 210623.5000
412.7449 210926.5000
412.8599 210762.8000
412.9749 211172.9000
413.0900 211003.3000
413.2050 210586.1000
413.3200 210881.9000
413.4350 210692.7000
413.5500 210715.5000
413.6651 210407.7000
413.7801 210459.6000
413.8951 210709.3000
414.0101 210795.7000
414.1251 210938.1000
414.2401 210682.4000
414.3552 210341.6000
414.4702 210480.2000
414.5852 210650.3000
414.7002 210384.6000
414.8152 210485.3000
414.9303 210603.2000
415.0453 210060.8000
415.1603 210610.3000
415.2753 210945.2000
415.3903 211048.1000
415.5053 210108.5000
415.6203 210640.4000
415.7354 210865.1000
415.8504 211659.3000
415.9654 210678.9000
416.0804 210854.8000
416.1954 210595.3000
416.3105 210825.3000
416.4255 210158.4000
416.5405 211164.5000
416.6555 210534.5000
416.7705 210901.2000
416.8855 209946.1000
417.0005 210855.9000
417.1156 210514.1000
417.2306 210855.2000
417.3456 211423.0000
417.4606 211184.7000
417.5756 210719.6000
417.6906 210104.0000
