300.0000 212150.5000
300.1150 211675.7000
300.2301 212549.6000
300.3452 211155.0000
300.4602 211964.9000
300.5753 211787.7000
300.6903 211737.3000
300.8054 212277.3000
300.9204 211454.6000
301.0355 211593.5000
301.1506 211108.7000
301.2656 211950.3000
301.3807 211298.8000
301.4957 212317.8000
301.6108 211206.4000
301.7258 211048.0000
301.8409 211745.3000
301.9559 211905.1000
302.0710 211338.2000
302.1861 211281.8000
302.3011 211197.9000
302.4162 211118.3000
302.5312 211185.9000
302.6463 211715.7000
302.7613 210776.9000
302.8764 211818.8000
302.9914 211181.6000
303.1065 212930.8000
303.2216 210699.4000
303.3366 211863.9000
303.4517 211626.1000
303.5667 210808.0000
303.6818 211324.9000
303.7968 212078.7000
303.9119 211876.5000
304.0269 210936.8000
304.1420 211622.1000
304.2571 211054.7000
304.3721 212137.2000
304.4872 210918.4000
304.6022 210442.6000
304.7173 211759.6000
304.8323 211839.8000
304.9474 211202.5000
305.0625 210818.5000
305.1775 211805.3000
305.2926 211418.4000
305.4076 211145.6000
305.5227 210960.4000
305.6377 211450.2000
305.7528 211817.9000
305.8678 211110.4000
305.9829 211198.2000
306.0980 211576.0000
306.2130 210835.2000
306.3281 211236.1000
306.4431 210779.8000
306.5582 210764.7000
306.6732 211046.5000
306.7883 210377.6000
306.9033 211169.7000
307.0184 210769.7000
307.1335 211353.9000
307.2485 211439.0000
307.3636 211212.9000
307.4786 210839.9000
307.5937 211972.5000
307.7087 211668.4000
307.8238 210855.6000
307.9389 211110.2000
308.0539 210593.1000
308.1690 211025.8000
308.2840 210686.9000
308.3991 211607.4000
308.5141 210347.3000
308.6292 210607.1000
308.7443 210637.8000
308.8593 210770.5000
308.9744 211084.0000
309.0894 210723.1000
309.2045 211040.7000
309.3195 210761.2000
309.4346 211503.3000
309.5496 211204.8000
309.6647 210638.0000
309.7798 210995.3000
309.8948 210804.8000
310.0099 210341.2000
310.1249 210302.2000
310.2400 210495.1000
310.3550 210544.0000
310.4701 210855.0000
310.5851 211443.2000
310.7002 210594.3000
310.8153 212967.0000
310.9303 210892.4000
311.0454 210518.5000
311.1604 211270.1000
311.2755 211070.8000
311.3906 210380.6000
311.5056 211269.5000
311.6207 211289.7000
311.7357 210649.2000
311.8508 210931.4000
311.9658 210616.0000
312.0809 211212.3000
312.1959 210421.4000
312.3110 211147.9000
312.4260 211319.4000
312.5411 210457.0000
312.6562 211372.1000
312.7712 210501.2000
312.8863 210674.1000
313.0013 210759.9000
313.1164 210768.2000
313.2314 210512.4000
313.3465 211337.9000
313.4616 211340.2000
313.5766 210227.9000
313.6917 211061.7000
313.8067 211757.4000
313.9218 211176.0000
314.0369 210551.0000
314.1519 210803.5000
314.2670 211116.3000
314.3820 211142.4000
314.4971 211191.6000
314.6121 210917.5000
314.7272 211242.2000
314.8422 210818.2000
314.9573 211330.6000
315.0723 211174.5000
315.1874 210778.3000
315.3025 211049.5000
315.4175 211455.7000
315.5326 210697.6000
315.6476 211251.9000
315.7627 210878.2000
315.8777 210517.4000
315.9928 211915.4000
316.1079 211426.8000
316.2229 210861.4000
316.3380 211398.3000
316.4530 211501.5000
316.5681 211313.4000
316.6832 210710.5000
316.7982 211034.5000
316.9133 210519.2000
317.0283 210916.2000
317.1434 210274.9000
317.2584 210957.7000
317.3735 210312.4000
317.4885 210845.1000
317.6036 210491.8000
317.7187 210621.4000
317.8337 210646.3000
317.9488 210384.0000
318.0638 211089.8000
318.1789 211365.9000
318.2939 211388.7000
318.4090 210676.9000
318.5240 211861.0000
318.6391 211198.6000
318.7542 211542.1000
318.8692 211130.3000
318.9843 211106.9000
319.0993 210808.8000
319.2144 210502.6000
319.3295 211141.0000
319.4445 211202.4000
319.5596 210748.1000
319.6746 210523.5000
319.7897 210611.9000
319.9047 211514.8000
320.0198 210546.4000
320.1348 211086.1000
320.2499 210844.1000
320.3650 211098.3000
320.4800 211324.0000
320.5951 210920.4000
320.7101 210719.4000
320.8252 210697.6000
320.9402 210813.7000
321.0553 210546.7000
321.1703 210605.5000
321.2854 210397.2000
321.4005 210844.5000
321.5155 211345.0000
321.6306 210456.6000
321.7456 210615.9000
321.8607 210235.1000
321.9757 210802.1000
322.0908 209931.7000
322.2059 210479.4000
322.3209 210571.9000
322.4360 210514.5000
322.5510 210321.8000
322.6661 210814.7000
322.7811 211116.4000
322.8962 210339.1000
323.0113 210493.7000
323.1263 210539.3000
323.2414 213490.5000
323.3564 210404.6000
323.4715 210598.8000
323.5865 210685.2000
323.7016 211193.3000
323.8166 210848.3000
323.9317 211200.3000
324.0468 210335.4000
324.1618 210260.3000
324.2769 210069.2000
324.3919 209866.2000
324.5070 211068.4000
324.6220 210695.8000
324.7371 211030.9000
324.8521 210609.7000
324.9672 210515.0000
325.0823 210151.1000
325.1973 210197.1000
325.3124 210772.0000
325.4274 210311.4000
325.5425 210184.2000
325.6576 211041.4000
325.7726 210387.4000
325.8877 210615.7000
326.0027 210396.6000
326.1178 212486.3000
326.2328 211673.9000
326.3479 210255.7000
326.4629 210325.6000
326.5780 210382.0000
326.6931 210602.3000
326.8081 212430.1000
326.9232 211067.7000
327.0382 210705.1000
327.1533 210484.7000
327.2683 210496.0000
327.3834 211568.1000
327.4984 210074.5000
327.6135 210560.0000
327.7286 210783.8000
327.8436 211206.9000
327.9587 210411.4000
328.0737 211131.8000
328.1888 210823.0000
328.3038 211523.0000
328.4189 210684.4000
328.5340 211136.5000
328.6490 210518.0000
328.7641 210819.7000
328.8791 210474.1000
328.9942 211710.0000
329.1092 211403.8000
329.2243 210669.6000
329.3393 212193.2000
329.4544 210683.6000
329.5695 211393.8000
329.6845 210802.9000
329.7996 210062.1000
329.9146 210951.2000
330.0297 210892.2000
330.1447 210573.1000
330.2598 210317.2000
330.3748 211037.7000
330.4899 210810.8000
330.6049 211182.9000
330.7200 210903.9000
330.8351 210603.8000
330.9501 210837.3000
331.0652 212462.8000
331.1802 210729.8000
331.2953 211040.0000
331.4103 210870.3000
331.5254 211102.0000
331.6404 210678.1000
331.7555 210658.4000
331.8706 210911.2000
331.9856 211062.4000
332.1007 210308.0000
332.2157 210455.5000
332.3308 210914.7000
332.4458 210582.4000
332.5609 211102.1000
332.6760 211637.6000
332.7910 210815.0000
332.9061 210959.5000
333.0211 210242.0000
333.1362 210660.9000
333.2512 213371.0000
333.3663 211525.5000
333.4813 210366.8000
333.5964 209958.8000
333.7115 211237.4000
333.8265 211088.6000
333.9416 210553.8000
334.0566 210742.8000
334.1717 211395.7000
334.2867 211131.7000
334.4018 211241.1000
334.5168 211374.0000
334.6319 210703.3000
334.7470 211599.7000
334.8620 211142.6000
334.9771 211252.9000
335.0921 211823.2000
335.2072 211184.6000
335.3222 211285.8000
335.4373 212839.1000
335.5523 212642.6000
335.6674 212506.7000
335.7824 212221.7000
335.8975 213087.7000
336.0125 213415.5000
336.1276 213711.9000
336.2427 214431.6000
336.3577 214368.7000
336.4728 214156.2000
336.5878 215689.9000
336.7029 215392.2000
336.8179 215044.6000
336.9330 215213.2000
337.0480 214807.0000
337.1631 214906.0000
337.2782 214157.7000
337.3932 213671.0000
337.5083 213959.6000
337.6233 213988.8000
337.7384 212715.2000
337.8534 212348.2000
337.9685 211833.2000
338.0835 211665.4000
338.1986 211015.1000
338.3136 211815.1000
338.4287 210586.4000
338.5438 211193.3000
338.6588 210829.2000
338.7739 211586.0000
338.8889 210910.9000
339.0040 211047.5000
339.1190 210883.7000
339.2341 210587.6000
339.3491 210198.3000
339.4642 211439.7000
339.5793 210128.1000
339.6943 210940.0000
339.8093 210743.1000
339.9244 211001.5000
340.0395 210706.8000
340.1545 210531.6000
340.2696 210610.8000
340.3846 210627.9000
340.4997 210605.3000
340.6147 211143.0000
340.7298 210323.0000
340.8448 210763.6000
340.9599 210446.7000
341.0750 210332.6000
341.1900 210776.8000
341.3051 210844.2000
341.4201 210562.0000
341.5352 211021.2000
341.6502 211338.5000
341.7653 210573.6000
341.8803 210494.1000
341.9954 210159.6000
342.1104 210402.1000
342.2255 210617.7000
342.3405 210181.7000
342.4556 210940.8000
342.5707 210562.6000
342.6857 210991.4000
342.8008 210659.2000
342.9158 211020.3000
343.0309 210692.1000
343.1459 210520.6000
343.2610 210987.8000
343.3760 210551.1000
343.4911 210729.9000
343.6061 210322.0000
343.7212 210377.6000
343.8362 210270.7000
343.9513 210541.1000
344.0663 212151.5000
344.1814 210260.5000
344.2964 210709.0000
344.4115 211405.9000
344.5266 210257.9000
344.6416 210738.6000
344.7567 214963.0000
344.8717 210946.4000
344.9868 210783.6000
345.1018 210788.9000
345.2169 210741.1000
345.3319 210554.5000
345.4470 211003.7000
345.5620 210990.9000
345.6771 210744.4000
345.7921 210557.4000
345.9072 210287.2000
346.0222 210549.9000
346.1373 210761.5000
346.2524 210633.1000
346.3674 211142.9000
346.4825 210980.4000
346.5975 212679.4000
346.7126 210445.9000
346.8276 210695.5000
346.9427 210896.3000
347.0577 210781.6000
347.1728 211606.3000
347.2878 210511.4000
347.4029 211120.2000
347.5179 211230.0000
347.6330 210539.3000
347.7480 211732.3000
347.8631 210664.3000
347.9782 210254.1000
348.0932 210595.9000
348.2083 211214.0000
348.3233 211315.5000
348.4384 211648.9000
348.5534 213622.0000
348.6685 210440.0000
348.7835 211189.8000
348.8986 210724.1000
349.0136 211677.4000
349.1287 211034.4000
349.2437 212352.9000
349.3588 211091.8000
349.4738 211613.3000
349.5889 211414.3000
349.7039 211269.4000
349.8190 210798.1000
349.9340 210601.4000
350.0491 210768.2000
350.1641 211014.5000
350.2792 211268.7000
350.3942 210474.2000
350.5093 212033.7000
350.6243 211086.1000
350.7394 211339.0000
350.8544 210849.3000
350.9695 211452.2000
351.0845 211563.7000
351.1996 210733.8000
351.3147 211038.6000
351.4297 211819.6000
351.5448 211770.3000
351.6598 211615.4000
351.7749 211787.0000
351.8899 211783.3000
352.0050 211793.0000
352.1200 212772.6000
352.2351 213418.6000
352.3501 212883.3000
352.4652 212600.3000
352.5802 213035.4000
352.6953 212705.5000
352.8103 213456.1000
352.9254 213451.0000
353.0404 213196.2000
353.1555 213070.8000
353.2705 212851.7000
353.3856 213592.7000
353.5006 212570.1000
353.6157 212151.6000
353.7307 211553.4000
353.8458 211996.3000
353.9608 211687.8000
354.0759 211733.4000
354.1909 210998.2000
354.3060 211990.5000
354.4210 212002.4000
354.5361 211661.0000
354.6511 211135.2000
354.7662 211942.0000
354.8812 212230.2000
354.9963 212312.6000
355.1113 212264.0000
355.2264 212547.1000
355.3414 214175.8000
355.4565 213858.2000
355.5715 212909.2000
355.6866 213845.0000
355.8016 214347.5000
355.9167 215499.7000
356.0317 215513.3000
356.1468 216333.8000
356.2618 216116.3000
356.3769 217245.7000
356.4919 218426.2000
356.6070 219504.3000
356.7220 219039.0000
356.8371 217075.9000
356.9521 217177.1000
357.0672 217843.6000
357.1822 219173.1000
357.2973 218227.5000
357.4123 217902.7000
357.5274 216768.2000
357.6424 214212.7000
357.7575 213812.1000
357.8725 213078.1000
357.9876 212459.7000
358.1026 211541.5000
358.2177 211979.0000
358.3327 211338.3000
358.4478 211308.0000
358.5628 211057.0000
358.6779 211249.7000
358.7929 210809.2000
358.9080 211496.3000
359.0230 211457.2000
359.1381 211177.0000
359.2531 210921.0000
359.3682 211252.6000
359.4832 210866.5000
359.5983 211580.4000
359.7133 210254.3000
359.8284 211949.8000
359.9434 211293.4000
360.0585 211348.0000
360.1735 211472.5000
360.2886 210850.6000
360.4036 210801.9000
360.5187 210992.7000
360.6337 210476.4000
360.7488 211347.8000
360.8638 211225.0000
360.9789 211480.6000
361.0939 210741.6000
361.2090 210861.5000
361.3240 211643.5000
361.4391 210967.7000
361.5541 211136.4000
361.6692 210675.2000
361.7842 211037.9000
361.8992 211179.0000
362.0143 210957.9000
362.1293 210735.7000
362.2444 210670.1000
362.3594 211323.5000
362.4745 211004.3000
362.5895 211070.7000
362.7046 210623.6000
362.8196 210629.9000
362.9347 210808.3000
363.0497 212203.3000
363.1648 210415.7000
363.2798 210747.8000
363.3949 211379.8000
363.5099 210628.1000
363.6250 210881.4000
363.7400 210908.5000
363.8551 210821.2000
363.9701 210742.5000
364.0852 210888.3000
364.2002 210433.5000
364.3152 210808.6000
364.4303 211210.1000
364.5453 210413.2000
364.6604 210500.5000
364.7754 211463.4000
364.8905 211065.1000
365.0055 211128.6000
365.1206 210562.0000
365.2356 211103.9000
365.3507 212167.9000
365.4657 211201.8000
365.5808 211176.8000
365.6958 211476.1000
365.8109 210538.1000
365.9259 212054.6000
366.0410 211583.7000
366.1560 211268.7000
366.2711 211583.8000
366.3861 211306.6000
366.5011 211419.9000
366.6162 211109.5000
366.7312 211054.4000
366.8463 210837.3000
366.9613 212013.3000
367.0764 211589.7000
367.1914 211103.7000
367.3065 210791.1000
367.4215 211994.7000
367.5366 211765.8000
367.6516 211111.8000
367.7667 210593.7000
367.8817 211261.3000
367.9967 210482.8000
368.1118 211594.2000
368.2268 211558.9000
368.3419 211801.4000
368.4569 210851.1000
368.5720 210990.7000
368.6870 210265.9000
368.8021 211019.6000
368.9171 211362.8000
369.0322 211735.7000
369.1472 210852.9000
369.2622 211059.9000
369.3773 212644.0000
369.4923 211546.0000
369.6074 211552.1000
369.7224 212129.2000
369.8375 211867.0000
369.9525 210796.1000
370.0676 211897.2000
370.1826 211797.3000
370.2976 211702.3000
370.4127 211618.7000
370.5277 211189.6000
370.6428 210730.4000
370.7578 211862.7000
370.8729 210876.9000
370.9879 210990.7000
371.1030 211429.2000
371.2180 211766.3000
371.3331 210580.8000
371.4481 211947.4000
371.5631 211947.2000
371.6782 212438.9000
371.7932 212121.1000
371.9083 211110.7000
372.0233 210295.1000
372.1384 212156.6000
372.2534 212103.9000
372.3684 211305.4000
372.4835 211587.9000
372.5985 211126.7000
372.7136 211500.7000
372.8286 211768.7000
372.9437 211628.3000
373.0587 211131.6000
373.1737 211752.2000
373.2888 211617.9000
373.4038 212400.6000
373.5189 212054.5000
373.6339 211563.9000
373.7490 212042.5000
373.8640 213237.1000
373.9790 213236.2000
374.0941 212778.4000
374.2091 213007.7000
374.3242 212219.0000
374.4392 212468.6000
374.5543 212862.8000
374.6693 213509.6000
374.7844 212637.5000
374.8994 211803.5000
375.0144 211886.8000
375.1295 211008.4000
375.2445 211694.9000
375.3596 210547.2000
375.4746 211731.8000
375.5897 210629.0000
375.7047 211710.7000
375.8197 211122.0000
375.9348 212748.7000
376.0498 210693.8000
376.1649 211225.8000
376.2799 211142.3000
376.3949 211260.6000
376.5100 210997.3000
376.6250 210890.8000
376.7401 211829.7000
376.8551 211179.6000
376.9702 210956.1000
377.0852 211686.9000
377.2002 211003.1000
377.3153 211090.7000
377.4303 211904.2000
377.5454 211592.0000
377.6604 211603.7000
377.7754 211622.9000
377.8905 212015.3000
378.0055 211328.5000
378.1206 211797.4000
378.2356 213342.6000
378.3506 212276.9000
378.4657 213068.3000
378.5807 213049.4000
378.6958 214139.9000
378.8108 213587.8000
378.9259 213454.5000
379.0409 213995.0000
379.1559 213385.6000
379.2710 213569.4000
379.3860 213516.9000
379.5011 212786.6000
379.6161 212784.0000
379.7311 213548.1000
379.8462 212005.0000
379.9612 212318.4000
380.0763 212412.2000
380.1913 211751.4000
380.3063 211688.5000
380.4214 211129.5000
380.5364 210489.9000
380.6515 211020.4000
380.7665 211557.0000
380.8815 211044.9000
380.9966 210502.8000
381.1116 211588.2000
381.2267 211024.6000
381.3417 211402.3000
381.4567 212495.8000
381.5718 210906.5000
381.6868 210902.4000
381.8019 211334.7000
381.9169 211360.7000
382.0319 210906.1000
382.1470 210883.5000
382.2620 211262.2000
382.3770 211435.8000
382.4921 211497.3000
382.6071 211290.7000
382.7222 211370.1000
382.8372 211123.1000
382.9522 211012.8000
383.0673 211460.3000
383.1823 211137.7000
383.2974 211055.4000
383.4124 210849.6000
383.5274 210566.0000
383.6425 210716.5000
383.7575 210775.5000
383.8726 211073.5000
383.9876 211154.1000
384.1026 211161.4000
384.2177 210680.4000
384.3327 211021.8000
384.4477 211415.5000
384.5628 211525.4000
384.6778 210674.2000
384.7929 211113.5000
384.9079 211463.8000
385.0229 211412.6000
385.1380 211972.5000
385.2530 210575.0000
385.3680 210761.1000
385.4831 211340.7000
385.5981 210947.7000
385.7132 210926.4000
385.8282 211173.7000
385.9432 210940.4000
386.0583 211289.8000
386.1733 210877.5000
386.2883 210843.6000
386.4034 210831.5000
386.5184 210769.5000
386.6334 211151.7000
386.7485 210535.1000
386.8635 210952.1000
386.9786 211041.3000
387.0936 211338.4000
387.2086 210700.3000
387.3237 211235.2000
387.4387 211040.4000
387.5537 211441.8000
387.6688 211083.1000
387.7838 211061.9000
387.8988 211936.8000
388.0139 210994.1000
388.1289 211302.2000
388.2440 211526.6000
388.3590 210792.7000
388.4740 210610.1000
388.5891 210931.8000
388.7041 210467.5000
388.8191 210961.9000
388.9342 211229.4000
389.0492 211713.5000
389.1642 211070.6000
389.2793 211194.0000
389.3943 210727.6000
389.5093 211138.9000
389.6244 211337.3000
389.7394 211230.1000
389.8545 210842.7000
389.9695 211138.8000
390.0845 210710.0000
390.1996 211307.7000
390.3146 211527.7000
390.4296 210977.1000
390.5447 212096.8000
390.6597 211810.4000
390.7747 210684.6000
390.8898 211581.7000
391.0048 210798.2000
391.1198 211220.7000
391.2349 210817.5000
391.3499 210748.9000
391.4649 211365.4000
391.5800 210783.1000
391.6950 211155.2000
391.8100 211070.9000
391.9251 211274.8000
392.0401 211900.4000
392.1551 210475.3000
392.2702 210688.6000
392.3852 210723.3000
392.5002 210718.3000
392.6153 210970.8000
392.7303 210739.1000
392.8453 211498.9000
392.9604 211315.1000
393.0754 210913.1000
393.1904 211477.8000
393.3055 210765.7000
393.4205 211199.9000
393.5355 210782.6000
393.6506 210705.0000
393.7656 210524.1000
393.8806 211019.6000
393.9957 210713.6000
394.1107 212512.8000
394.2257 211391.6000
394.3408 211726.1000
394.4558 212945.8000
394.5708 210929.0000
394.6859 213196.1000
394.8009 210809.2000
394.9159 210692.7000
395.0310 210849.5000
395.1460 211065.1000
395.2610 210624.3000
395.3761 210924.5000
395.4911 210921.4000
395.6061 210754.0000
395.7211 211250.6000
395.8362 211508.8000
395.9512 212536.2000
396.0662 210727.4000
396.1813 210520.3000
396.2963 211085.3000
396.4113 211709.8000
396.5264 210843.7000
396.6414 210994.8000
396.7564 211387.2000
396.8714 211048.0000
396.9865 210783.8000
397.1015 210676.2000
397.2165 211340.3000
397.3316 211152.2000
397.4466 211456.1000
397.5616 210991.1000
397.6767 210897.9000
397.7917 212062.1000
397.9067 211172.2000
398.0217 211204.3000
398.1368 211170.9000
398.2518 211191.3000
398.3668 211338.6000
398.4819 210864.9000
398.5969 211107.8000
398.7119 211187.6000
398.8270 211622.6000
398.9420 212021.7000
399.0570 211675.8000
399.1720 211789.1000
399.2871 211019.5000
399.4021 210870.0000
399.5171 211034.1000
399.6322 210635.1000
399.7472 212365.2000
399.8622 210693.2000
399.9772 211228.0000
400.0923 210718.2000
400.2073 210548.0000
400.3223 210647.1000
400.4374 211873.4000
400.5524 211970.8000
400.6674 210746.1000
400.7824 211088.7000
400.8975 210891.9000
401.0125 210376.3000
401.1275 210927.0000
401.2425 211371.1000
401.3576 211350.0000
401.4726 210367.7000
401.5876 210671.6000
401.7027 210568.7000
401.8177 211123.0000
401.9327 211615.3000
402.0477 211464.5000
402.1628 211396.3000
402.2778 210583.2000
402.3928 211044.3000
402.5079 211116.4000
402.6229 211080.7000
402.7379 211055.4000
402.8529 211234.7000
402.9680 210596.6000
403.0830 211426.2000
403.1980 211431.8000
403.3130 211246.6000
403.4281 211131.5000
403.5431 210951.8000
403.6581 211198.1000
403.7731 210814.0000
403.8882 211214.3000
404.0032 211134.5000
404.1182 211622.3000
404.2332 210967.7000
404.3483 212197.2000
404.4633 211297.6000
404.5783 211177.6000
404.6933 211378.6000
404.8084 210726.3000
404.9234 210842.5000
405.0384 211404.4000
405.1534 212814.7000
405.2685 210891.7000
405.3835 210872.9000
405.4985 210596.2000
405.6135 211492.1000
405.7286 211041.5000
405.8436 210898.7000
405.9586 210312.9000
406.0736 211065.9000
406.1887 210870.3000
406.3037 210840.2000
406.4187 210288.0000
406.5337 211093.5000
406.6488 211170.6000
406.7638 211764.1000
406.8788 210536.9000
406.9938 210907.1000
407.1089 210543.0000
407.2239 210856.6000
407.3389 211504.8000
407.4539 210866.6000
407.5689 210485.3000
407.6840 211129.2000
407.7990 210278.1000
407.9140 211453.8000
408.0290 210999.6000
408.1441 211145.0000
408.2591 212720.5000
408.3741 211105.6000
408.4891 210872.9000
408.6042 210566.1000
408.7192 210242.4000
408.8342 211718.0000
408.9492 211318.4000
409.0642 210987.2000
409.1793 211786.2000
409.2943 210425.0000
409.4093 210926.0000
409.5243 211072.4000
409.6393 210919.7000
409.7544 210914.8000
409.8694 211358.6000
409.9844 211529.4000
410.0994 213026.2000
410.2145 210791.4000
410.3295 210908.2000
410.4445 211447.8000
410.5595 211059.0000
410.6745 210936.2000
410.7896 210763.0000
410.9046 210865.5000
411.0196 210772.1000
411.1346 212664.8000
411.2496 210737.6000
411.3647 210951.6000
411.4797 210423.9000
411.5947 211228.5000
411.7097 210989.0000
411.8247 211216.9000
411.9398 210839.1000
412.0548 211043.5000
412.1698 211354.2000
412.2848 212535.8000
412.3998 210856.2000
412.5149 210784.8000
412.6299 210868.4000
412.7449 211113.5000
412.8599 210997.6000
412.9749 211440.8000
413.0900 211164.4000
413.2050 210709.0000
413.3200 211134.2000
413.4350 210828.0000
413.5500 210866.2000
413.6651 210614.5000
413.7801 210564.4000
413.8951 210900.5000
414.0101 210953.8000
414.1251 211150.6000
414.2401 210844.9000
414.3552 210534.8000
414.4702 210679.2000
414.5852 210874.4000
414.7002 210577.2000
414.8152 210696.4000
414.9303 210825.9000
415.0453 210362.5000
415.1603 210876.3000
415.2753 211224.9000
415.3903 211243.7000
415.5053 210265.0000
415.6203 210823.9000
415.7354 211116.6000
415.8504 211892.3000
415.9654 210998.6000
416.0804 211137.0000
416.1954 210870.9000
416.3105 211006.8000
416.4255 210420.4000
416.5405 211370.2000
416.6555 210721.8000
416.7705 211174.3000
416.8855 210256.7000
417.0005 210998.4000
417.1156 210855.5000
417.2306 211155.1000
417.3456 211817.4000
417.4606 211658.2000
417.5756 211091.2000
417.6906 210418.0000
