300.0000 212112.3000
300.1150 211728.3000
300.2301 212484.7000
300.3452 211108.2000
300.4602 211891.6000
300.5753 211691.9000
300.6903 211659.9000
300.8054 213053.5000
300.9204 211312.0000
301.0355 211416.5000
301.1506 211030.5000
301.2656 211966.3000
301.3807 211243.6000
301.4957 212223.1000
301.6108 211323.1000
301.7258 211159.9000
301.8409 211685.6000
301.9559 211836.7000
302.0710 211317.6000
302.1861 211333.8000
302.3011 211167.9000
302.4162 211182.6000
302.5312 211155.3000
302.6463 211434.3000
302.7613 210691.6000
302.8764 211811.1000
302.9914 211114.1000
303.1065 213129.0000
303.2216 210739.3000
303.3366 211810.1000
303.4517 211618.8000
303.5667 210831.7000
303.6818 211408.2000
303.7968 212164.6000
303.9119 211877.5000
304.0269 210954.2000
304.1420 211679.8000
304.2571 211095.2000
304.3721 211823.4000
304.4872 210988.0000
304.6022 210426.5000
304.7173 211743.6000
304.8323 211976.4000
304.9474 211271.4000
305.0625 210802.8000
305.1775 211797.9000
305.2926 211375.3000
305.4076 211130.9000
305.5227 211084.2000
305.6377 211549.0000
305.7528 211842.8000
305.8678 211064.7000
305.9829 211211.6000
306.0980 211574.0000
306.2130 210831.4000
306.3281 211390.9000
306.4431 211059.1000
306.5582 211024.8000
306.6732 211160.8000
306.7883 210625.2000
306.9033 211200.3000
307.0184 211042.6000
307.1335 211488.1000
307.2485 211531.1000
307.3636 211472.6000
307.4786 211115.9000
307.5937 212040.8000
307.7087 211735.4000
307.8238 210776.2000
307.9389 210967.1000
308.0539 210605.1000
308.1690 211133.3000
308.2840 210884.1000
308.3991 211799.8000
308.5141 210624.0000
308.6292 210917.3000
308.7443 210899.0000
308.8593 211161.1000
308.9744 211208.3000
309.0894 210772.9000
309.2045 211261.0000
309.3195 211287.0000
309.4346 212149.2000
309.5496 211894.0000
309.6647 210924.5000
309.7798 211382.9000
309.8948 211263.9000
310.0099 210647.9000
310.1249 210579.8000
310.2400 211010.9000
310.3550 211081.7000
310.4701 211096.6000
310.5851 211526.8000
310.7002 210759.4000
310.8153 213184.3000
310.9303 211152.9000
311.0454 210927.3000
311.1604 211810.1000
311.2755 211620.9000
311.3906 210951.8000
311.5056 211779.3000
311.6207 211839.1000
311.7357 211148.5000
311.8508 211410.1000
311.9658 211291.9000
312.0809 211934.2000
312.1959 211329.9000
312.3110 211559.6000
312.4260 212292.8000
312.5411 211604.7000
312.6562 211981.8000
312.7712 211088.1000
312.8863 211669.7000
313.0013 212249.9000
313.1164 212481.4000
313.2314 211961.2000
313.3465 212545.0000
313.4616 212718.1000
313.5766 212116.0000
313.6917 212576.3000
313.8067 213230.5000
313.9218 213325.4000
314.0369 212375.0000
314.1519 212038.3000
314.2670 212389.9000
314.3820 212783.0000
314.4971 213403.1000
314.6121 213273.8000
314.7272 213853.6000
314.8422 214134.3000
314.9573 214005.4000
315.0723 214233.6000
315.1874 213959.3000
315.3025 213629.0000
315.4175 215245.8000
315.5326 216105.3000
315.6476 217420.4000
315.7627 217117.6000
315.8777 216723.3000
315.9928 217428.0000
316.1079 217977.7000
316.2229 216848.2000
316.3380 215469.7000
316.4530 214849.1000
316.5681 214678.9000
316.6832 214101.5000
316.7982 213985.5000
316.9133 213070.9000
317.0283 213320.5000
317.1434 211778.2000
317.2584 212326.5000
317.3735 211505.8000
317.4885 211721.3000
317.6036 211395.5000
317.7187 211281.0000
317.8337 211070.0000
317.9488 210972.4000
318.0638 211478.8000
318.1789 211926.5000
318.2939 212381.7000
318.4090 211169.0000
318.5240 212184.1000
318.6391 211552.0000
318.7542 211984.4000
318.8692 211645.2000
318.9843 211693.4000
319.0993 211359.5000
319.2144 210949.4000
319.3295 211686.6000
319.4445 211741.0000
319.5596 211225.9000
319.6746 211227.4000
319.7897 211204.0000
319.9047 211845.3000
320.0198 210957.1000
320.1348 211352.7000
320.2499 211235.8000
320.3650 211696.3000
320.4800 211615.5000
320.5951 210944.2000
320.7101 210914.9000
320.8252 211111.7000
320.9402 211093.8000
321.0553 211108.7000
321.1703 211216.3000
321.2854 210742.9000
321.4005 211139.2000
321.5155 211511.4000
321.6306 210985.6000
321.7456 211271.6000
321.8607 210857.7000
321.9757 211437.9000
322.0908 210504.5000
322.2059 210966.9000
322.3209 211117.0000
322.4360 210934.7000
322.5510 210641.8000
322.6661 211135.8000
322.7811 211403.6000
322.8962 210732.8000
323.0113 211253.1000
323.1263 211324.1000
323.2414 213883.5000
323.3564 210753.6000
323.4715 210960.3000
323.5865 211184.8000
323.7016 211569.4000
323.8166 211191.9000
323.9317 211657.3000
324.0468 210815.8000
324.1618 210652.9000
324.2769 210469.8000
324.3919 210220.7000
324.5070 211589.3000
324.6220 211245.1000
324.7371 211707.8000
324.8521 211234.6000
324.9672 210783.9000
325.0823 210519.8000
325.1973 210746.7000
325.3124 211293.1000
325.4274 211122.9000
325.5425 211282.8000
325.6576 211902.1000
325.7726 211269.7000
325.8877 211414.0000
326.0027 211127.4000
326.1178 212985.6000
326.2328 212310.8000
326.3479 211154.0000
326.4629 211092.3000
326.5780 210993.8000
326.6931 211125.0000
326.8081 212944.6000
326.9232 211895.1000
327.0382 211480.0000
327.1533 211633.9000
327.2683 211866.8000
327.3834 212823.3000
327.4984 211297.8000
327.6135 211567.7000
327.7286 212010.7000
327.8436 212566.8000
327.9587 211922.1000
328.0737 212689.7000
328.1888 212266.8000
328.3038 212719.3000
328.4189 212093.3000
328.5340 212536.8000
328.6490 211583.0000
328.7641 211710.7000
328.8791 211565.8000
328.9942 212605.6000
329.1092 212635.8000
329.2243 212314.5000
329.3393 213975.5000
329.4544 212499.1000
329.5695 212663.4000
329.6845 211834.1000
329.7996 211305.0000
329.9146 212428.9000
330.0297 212527.4000
330.1447 212065.2000
330.2598 211683.4000
330.3748 212681.7000
330.4899 212339.6000
330.6049 212317.6000
330.7200 212032.9000
330.8351 212013.1000
330.9501 212430.2000
331.0652 213715.7000
331.1802 211838.7000
331.2953 212082.3000
331.4103 212973.9000
331.5254 213899.4000
331.6404 213770.1000
331.7555 214823.4000
331.8706 214315.3000
331.9856 213624.7000
332.1007 212140.2000
332.2157 212092.9000
332.3308 212983.8000
332.4458 212646.2000
332.5609 213038.0000
332.6760 213775.4000
332.7910 213022.6000
332.9061 213640.0000
333.0211 212675.0000
333.1362 213404.2000
333.2512 216588.0000
333.3663 214490.6000
333.4813 213397.3000
333.5964 212972.1000
333.7115 213882.6000
333.8265 214232.4000
333.9416 214370.7000
334.0566 215163.6000
334.1717 215693.3000
334.2867 216307.5000
334.4018 217352.7000
334.5168 217703.6000
334.6319 215979.7000
334.7470 217053.7000
334.8620 218574.2000
334.9771 219504.4000
335.0921 220485.4000
335.2072 223360.6000
335.3222 227453.2000
335.4373 229962.4000
335.5523 232947.5000
335.6674 237181.7000
335.7824 242741.4000
335.8975 248706.5000
336.0125 252795.2000
336.1276 259623.5000
336.2427 262211.2000
336.3577 265600.1000
336.4728 267889.5000
336.5878 270298.9000
336.7029 272147.2000
336.8179 270402.0000
336.9330 267333.3000
337.0480 262463.2000
337.1631 259070.0000
337.2782 255485.0000
337.3932 251170.7000
337.5083 246946.9000
337.6233 241860.5000
337.7384 234615.2000
337.8534 228768.8000
337.9685 223110.7000
338.0835 220769.8000
338.1986 218551.7000
338.3136 217045.0000
338.4287 214900.3000
338.5438 214719.6000
338.6588 213676.7000
338.7739 214004.6000
338.8889 213189.5000
339.0040 213318.5000
339.1190 213149.8000
339.2341 213015.0000
339.3491 212194.6000
339.4642 213068.5000
339.5793 211845.9000
339.6943 212423.6000
339.8093 211678.8000
339.9244 211963.6000
340.0395 211800.8000
340.1545 211707.6000
340.2696 211939.0000
340.3846 211802.1000
340.4997 211984.8000
340.6147 212604.3000
340.7298 211691.7000
340.8448 211987.2000
340.9599 211389.7000
341.0750 211341.7000
341.1900 212105.9000
341.3051 212220.8000
341.4201 211863.5000
341.5352 211998.2000
341.6502 212395.9000
341.7653 211604.0000
341.8803 211560.1000
341.9954 211174.2000
342.1104 211595.0000
342.2255 211831.2000
342.3405 211664.6000
342.4556 212348.9000
342.5707 212095.5000
342.6857 212541.9000
342.8008 212029.3000
342.9158 212344.4000
343.0309 212381.9000
343.1459 212074.6000
343.2610 212459.3000
343.3760 211775.4000
343.4911 212124.1000
343.6061 211546.1000
343.7212 211563.8000
343.8362 211809.8000
343.9513 211786.4000
344.0663 213148.8000
344.1814 211586.7000
344.2964 212292.4000
344.4115 213821.8000
344.5266 213323.8000
344.6416 213659.2000
344.7567 216986.0000
344.8717 212401.4000
344.9868 211991.4000
345.1018 212305.9000
345.2169 212484.7000
345.3319 211967.8000
345.4470 212437.8000
345.5620 212742.0000
345.6771 212355.6000
345.7921 212556.8000
345.9072 212506.7000
346.0222 212367.6000
346.1373 212359.3000
346.2524 212301.1000
346.3674 213297.1000
346.4825 213221.0000
346.5975 214556.3000
346.7126 212218.7000
346.8276 212495.2000
346.9427 213107.6000
347.0577 212928.7000
347.1728 213704.0000
347.2878 212925.3000
347.4029 213655.7000
347.5179 213650.7000
347.6330 213262.7000
347.7480 214352.3000
347.8631 213990.6000
347.9782 213746.2000
348.0932 214047.0000
348.2083 214456.9000
348.3233 214691.4000
348.4384 214993.9000
348.5534 217660.8000
348.6685 214274.6000
348.7835 215225.4000
348.8986 215527.2000
349.0136 216134.6000
349.1287 215730.0000
349.2437 216882.5000
349.3588 215138.7000
349.4738 216742.5000
349.5889 218436.3000
349.7039 217943.1000
349.8190 216603.6000
349.9340 215962.4000
350.0491 216114.8000
350.1641 216530.8000
350.2792 216796.4000
350.3942 215607.4000
350.5093 216966.5000
350.6243 216882.2000
350.7394 218463.8000
350.8544 218870.3000
350.9695 220848.1000
351.0845 221898.2000
351.1996 220678.1000
351.3147 221652.1000
351.4297 223501.9000
351.5448 224454.6000
351.6598 224886.5000
351.7749 228895.4000
351.8899 232517.3000
352.0050 232690.7000
352.1200 234240.5000
352.2351 238528.8000
352.3501 239206.8000
352.4652 239112.3000
352.5802 242600.2000
352.6953 246483.9000
352.8103 244238.8000
352.9254 242391.7000
353.0404 241888.7000
353.1555 239771.9000
353.2705 234951.4000
353.3856 234456.0000
353.5006 234040.7000
353.6157 232506.0000
353.7307 230070.6000
353.8458 228676.9000
353.9608 225644.5000
354.0759 224691.2000
354.1909 224485.5000
354.3060 224536.1000
354.4210 225538.0000
354.5361 225621.6000
354.6511 225212.4000
354.7662 227505.9000
354.8812 231036.7000
354.9963 234771.5000
355.1113 235942.7000
355.2264 237780.8000
355.3414 245244.4000
355.4565 252607.9000
355.5715 261654.4000
355.6866 267531.2000
355.8016 271289.7000
355.9167 276633.0000
356.0317 281382.7000
356.1468 287758.1000
356.2618 295386.6000
356.3769 300429.5000
356.4919 305581.8000
356.6070 307664.3000
356.7220 310867.2000
356.8371 310201.1000
356.9521 304631.6000
357.0672 296239.6000
357.1822 285939.7000
357.2973 277776.3000
357.4123 269502.2000
357.5274 257827.1000
357.6424 249841.6000
357.7575 246191.4000
357.8725 238927.8000
357.9876 231678.2000
358.1026 224714.1000
358.2177 223262.2000
358.3327 222155.4000
358.4478 220478.3000
358.5628 218836.4000
358.6779 217604.7000
358.7929 216585.2000
358.9080 217611.5000
359.0230 218329.4000
359.1381 217662.4000
359.2531 215936.5000
359.3682 215886.9000
359.4832 216116.9000
359.5983 216902.9000
359.7133 214622.5000
359.8284 215937.3000
359.9434 215649.9000
360.0585 214648.5000
360.1735 214863.2000
360.2886 214343.9000
360.4036 214449.5000
360.5187 214192.0000
360.6337 213621.0000
360.7488 214344.8000
360.8638 214304.8000
360.9789 214668.9000
361.0939 213684.8000
361.2090 213558.4000
361.3240 215066.4000
361.4391 214291.8000
361.5541 214315.6000
361.6692 213740.7000
361.7842 213468.3000
361.8992 213586.7000
362.0143 213840.6000
362.1293 214062.9000
362.2444 214583.8000
362.3594 214875.2000
362.4745 213941.8000
362.5895 214140.3000
362.7046 213793.1000
362.8196 214060.4000
362.9347 213977.5000
363.0497 214907.6000
363.1648 213192.5000
363.2798 213967.7000
363.3949 214678.0000
363.5099 214062.8000
363.6250 214364.1000
363.7400 214619.9000
363.8551 214288.6000
363.9701 214088.6000
364.0852 214586.2000
364.2002 214034.6000
364.3152 214602.4000
364.4303 215187.5000
364.5453 213902.9000
364.6604 213769.2000
364.7754 215485.6000
364.8905 216501.4000
365.0055 217238.6000
365.1206 215714.8000
365.2356 214817.7000
365.3507 215926.1000
365.4657 214843.5000
365.5808 214348.4000
365.6958 215260.3000
365.8109 214526.5000
365.9259 216213.6000
366.0410 215801.8000
366.1560 215129.3000
366.2711 215456.6000
366.3861 215725.4000
366.5011 215809.9000
366.6162 215074.1000
366.7312 214584.1000
366.8463 213805.7000
366.9613 215211.1000
367.0764 215141.2000
367.1914 214352.2000
367.3065 213758.8000
367.4215 214331.5000
367.5366 214530.5000
367.6516 215284.5000
367.7667 216703.3000
367.8817 218828.9000
367.9967 218471.4000
368.1118 217867.6000
368.2268 217101.5000
368.3419 217270.3000
368.4569 216183.7000
368.5720 216461.2000
368.6870 215734.8000
368.8021 216681.6000
368.9171 217039.8000
369.0322 217823.8000
369.1472 217949.8000
369.2622 217962.1000
369.3773 219845.9000
369.4923 219919.6000
369.6074 219654.0000
369.7224 220147.7000
369.8375 219889.2000
369.9525 218703.9000
370.0676 219547.4000
370.1826 219181.3000
370.2976 218786.9000
370.4127 218731.6000
370.5277 218557.3000
370.6428 217937.5000
370.7578 218294.0000
370.8729 216774.9000
370.9879 216594.5000
371.1030 216177.3000
371.2180 216528.9000
371.3331 215228.9000
371.4481 216445.2000
371.5631 216430.1000
371.6782 217295.0000
371.7932 216507.9000
371.9083 215997.2000
372.0233 215800.7000
372.1384 218411.6000
372.2534 219017.1000
372.3684 219237.9000
372.4835 219774.5000
372.5985 219182.5000
372.7136 219821.5000
372.8286 220591.7000
372.9437 220679.6000
373.0587 221178.9000
373.1737 223443.3000
373.2888 225138.1000
373.4038 227595.8000
373.5189 228364.1000
373.6339 229079.5000
373.7490 230034.7000
373.8640 231878.5000
373.9790 231554.3000
374.0941 231627.0000
374.2091 232825.5000
374.3242 231888.7000
374.4392 230216.8000
374.5543 229901.1000
374.6693 230502.8000
374.7844 229595.6000
374.8994 227766.8000
375.0144 226201.1000
375.1295 222149.9000
375.2445 220582.7000
375.3596 218603.4000
375.4746 218562.5000
375.5897 216348.8000
375.7047 217127.2000
375.8197 216468.9000
375.9348 217816.2000
376.0498 215282.5000
376.1649 215655.5000
376.2799 215637.1000
376.3949 216163.8000
376.5100 215875.5000
376.6250 215985.8000
376.7401 217418.9000
376.8551 217403.1000
376.9702 217803.5000
377.0852 218662.9000
377.2002 219105.2000
377.3153 219421.4000
377.4303 219412.9000
377.5454 219996.8000
377.6604 221891.9000
377.7754 223094.7000
377.8905 224202.2000
378.0055 224171.1000
378.1206 226446.9000
378.2356 229742.8000
378.3506 230591.3000
378.4657 232609.3000
378.5807 234517.5000
378.6958 237145.3000
378.8108 236514.9000
378.9259 236638.8000
379.0409 238651.4000
379.1559 237916.5000
379.2710 235440.3000
379.3860 233213.4000
379.5011 232672.7000
379.6161 232970.0000
379.7311 229504.2000
379.8462 223620.8000
379.9612 222963.1000
380.0763 223313.6000
380.1913 222427.3000
380.3063 220008.1000
380.4214 217591.9000
380.5364 216155.2000
380.6515 216226.9000
380.7665 216198.7000
380.8815 215234.4000
380.9966 214336.2000
381.1116 215102.9000
381.2267 214331.1000
381.3417 215127.8000
381.4567 216766.4000
381.5718 214883.0000
381.6868 215492.7000
381.8019 215475.6000
381.9169 214360.3000
382.0319 213679.6000
382.1470 214035.4000
382.2620 214374.9000
382.3770 214250.1000
382.4921 214112.2000
382.6071 213779.0000
382.7222 213815.1000
382.8372 213237.5000
382.9522 213345.0000
383.0673 214267.0000
383.1823 214444.4000
383.2974 214250.5000
383.4124 214355.6000
383.5274 214256.2000
383.6425 214239.2000
383.7575 214700.5000
383.8726 215060.2000
383.9876 214711.3000
384.1026 214261.3000
384.2177 213347.2000
384.3327 213768.6000
384.4477 214423.3000
384.5628 214495.3000
384.6778 214182.0000
384.7929 214772.6000
384.9079 214993.7000
385.0229 214629.1000
385.1380 215233.0000
385.2530 213599.0000
385.3680 213829.1000
385.4831 214592.7000
385.5981 214348.8000
385.7132 214265.7000
385.8282 214195.8000
385.9432 213901.9000
386.0583 214238.3000
386.1733 213835.9000
386.2883 213982.7000
386.4034 213872.6000
386.5184 213769.4000
386.6334 214192.5000
386.7485 213585.3000
386.8635 214174.7000
386.9786 214529.7000
387.0936 215064.5000
387.2086 214709.8000
387.3237 215388.6000
387.4387 215361.8000
387.5537 216212.2000
387.6688 215763.3000
387.7838 215256.9000
387.8988 215796.1000
388.0139 214987.1000
388.1289 215767.7000
388.2440 215876.9000
388.3590 215043.1000
388.4740 215692.8000
388.5891 216812.5000
388.7041 215937.6000
388.8191 215776.4000
388.9342 216190.4000
389.0492 216999.9000
389.1642 216434.5000
389.2793 216433.9000
389.3943 216311.9000
389.5093 217274.2000
389.6244 217032.8000
389.7394 216611.5000
389.8545 215802.4000
389.9695 215478.5000
390.0845 214635.5000
390.1996 215580.3000
390.3146 216078.9000
390.4296 214918.0000
390.5447 215976.2000
390.6597 215342.6000
390.7747 213938.0000
390.8898 215569.8000
391.0048 214986.6000
391.1198 215220.1000
391.2349 214850.4000
391.3499 215049.2000
391.4649 215453.9000
391.5800 214966.3000
391.6950 215213.3000
391.8100 215352.2000
391.9251 215639.2000
392.0401 216205.4000
392.1551 214976.6000
392.2702 215154.5000
392.3852 215728.3000
392.5002 216058.8000
392.6153 215698.5000
392.7303 215407.9000
392.8453 216423.8000
392.9604 217031.9000
393.0754 217465.4000
393.1904 217215.2000
393.3055 214764.1000
393.4205 214617.8000
393.5355 214259.3000
393.6506 213776.1000
393.7656 213443.1000
393.8806 214502.2000
393.9957 214526.2000
394.1107 215756.7000
394.2257 214005.0000
394.3408 214488.3000
394.4558 215612.6000
394.5708 213949.3000
394.6859 216324.1000
394.8009 213828.6000
394.9159 213325.7000
395.0310 213467.9000
395.1460 213993.6000
395.2610 213564.4000
395.3761 213834.7000
395.4911 213899.9000
395.6061 213716.5000
395.7211 214093.1000
395.8362 213909.6000
395.9512 214942.0000
396.0662 214176.6000
396.1813 214929.5000
396.2963 215372.7000
396.4113 215455.9000
396.5264 214477.8000
396.6414 214836.2000
396.7564 215057.7000
396.8714 215283.2000
396.9865 216034.2000
397.1015 217334.1000
397.2165 218235.1000
397.3316 217440.6000
397.4466 218052.3000
397.5616 217018.9000
397.6767 216075.6000
397.7917 217816.9000
397.9067 217135.6000
398.0217 216567.5000
398.1368 216059.6000
398.2518 215674.0000
398.3668 215980.6000
398.4819 215871.4000
398.5969 215621.2000
398.7119 215549.5000
398.8270 215896.2000
398.9420 215911.1000
399.0570 215295.7000
399.1720 215336.0000
399.2871 214548.7000
399.4021 214161.9000
399.5171 213837.4000
399.6322 213160.5000
399.7472 214887.8000
399.8622 213605.7000
399.9772 214349.2000
400.0923 213529.0000
400.2073 213297.4000
400.3223 213337.7000
400.4374 214596.8000
400.5524 214404.6000
400.6674 212827.1000
400.7824 213309.2000
400.8975 213493.1000
401.0125 213042.4000
401.1275 213810.1000
401.2425 214043.6000
401.3576 214074.2000
401.4726 213504.1000
401.5876 213810.3000
401.7027 213582.0000
401.8177 214281.0000
401.9327 215277.3000
402.0477 215833.0000
402.1628 215593.8000
402.2778 213987.2000
402.3928 213775.4000
402.5079 213725.7000
402.6229 214175.2000
402.7379 214136.5000
402.8529 214359.0000
402.9680 214003.7000
403.0830 214949.5000
403.1980 215100.1000
403.3130 214762.6000
403.4281 214245.7000
403.5431 214283.3000
403.6581 214955.0000
403.7731 214731.8000
403.8882 215316.4000
404.0032 215188.9000
404.1182 215161.3000
404.2332 214008.1000
404.3483 215321.2000
404.4633 214812.9000
404.5783 215024.3000
404.6933 215705.4000
404.8084 215721.6000
404.9234 216036.8000
405.0384 215654.9000
405.1534 216291.8000
405.2685 213718.1000
405.3835 213334.3000
405.4985 212905.9000
405.6135 213637.8000
405.7286 213100.1000
405.8436 213159.6000
405.9586 212716.9000
406.0736 213586.0000
406.1887 213042.7000
406.3037 212753.2000
406.4187 211975.9000
406.5337 212510.0000
406.6488 212615.7000
406.7638 213332.0000
406.8788 212221.0000
406.9938 212675.3000
407.1089 212704.3000
407.2239 213279.6000
407.3389 214487.0000
407.4539 213770.8000
407.5689 212618.4000
407.6840 212856.4000
407.7990 211777.4000
407.9140 212815.0000
408.0290 212290.8000
408.1441 212744.1000
408.2591 214190.5000
408.3741 212417.0000
408.4891 212122.1000
408.6042 211706.7000
408.7192 211267.2000
408.8342 212913.2000
408.9492 212820.8000
409.0642 212488.7000
409.1793 213101.8000
409.2943 211629.5000
409.4093 211927.0000
409.5243 212204.9000
409.6393 212620.8000
409.7544 213167.7000
409.8694 213414.3000
409.9844 213308.4000
410.0994 214239.9000
410.2145 211730.4000
410.3295 212122.1000
410.4445 212755.9000
410.5595 212013.3000
410.6745 211601.1000
410.7896 211579.6000
410.9046 211927.6000
411.0196 212091.8000
411.1346 214036.7000
411.2496 212061.2000
411.3647 212600.2000
411.4797 212201.3000
411.5947 212744.6000
411.7097 212450.1000
411.8247 212537.3000
411.9398 212157.0000
412.0548 212522.2000
412.1698 212624.2000
412.2848 213368.5000
412.3998 212020.1000
412.5149 212087.2000
412.6299 212128.4000
412.7449 212586.8000
412.8599 212311.4000
412.9749 212739.8000
413.0900 212497.0000
413.2050 212052.4000
413.3200 212452.4000
413.4350 212355.8000
413.5500 212155.0000
413.6651 211889.7000
413.7801 212026.1000
413.8951 212388.1000
414.0101 212353.7000
414.1251 212678.0000
414.2401 212238.7000
414.3552 211621.5000
414.4702 211762.8000
414.5852 212119.9000
414.7002 211890.0000
414.8152 212047.5000
414.9303 211949.1000
415.0453 211254.9000
415.1603 211860.8000
415.2753 212657.5000
415.3903 212785.1000
415.5053 211763.4000
415.6203 212099.6000
415.7354 212470.0000
415.8504 213310.3000
415.9654 212423.4000
416.0804 212382.3000
416.1954 212016.5000
416.3105 212641.3000
416.4255 212621.8000
416.5405 213786.4000
416.6555 213138.6000
416.7705 213193.9000
416.8855 212006.5000
417.0005 212733.1000
417.1156 212559.3000
417.2306 212948.4000
417.3456 213517.9000
417.4606 213502.3000
417.5756 212962.5000
417.6906 212630.4000
